10000 10000
3327 8430
544 6628
1330 8769
1149 6479
2383 5363
1402 8645
1089 4213
3919 9473
4801 5660
1730 5212
2115 9978
3827 9655
1797 2758
2989 6341
4964 9101
1796 7229
977 6143
6596 8489
2943 7622
8509 9388
4412 7541
384 6797
3283 5741
60 7868
3701 5988
2636 5664
1397 6436
889 2997
739 2006
2993 6167
5771 6053
7290 8533
558 4819
18 933
2677 3837
2579 9452
3819 7562
9015 9317
2981 5002
4118 6434
928 2551
258 9667
3078 5349
4952 5842
3768 6284
2530 7466
2497 2859
6705 8903
3783 8255
2799 9805
4994 9636
7284 9253
3430 4195
2330 3621
5270 6767
3608 4238
6732 7730
11 2448
102 7999
5091 7704
809 2199
2206 8429
8178 8419
8988 9685
1581 6391
347 5292
2531 4550
6823 9016
1701 7210
7194 8434
2476 3042
1665 8950
2004 4215
6985 8031
4616 5869
78 7992
7628 8662
3507 5475
105 5651
6812 7056
1380 7505
3570 9436
29 4609
3587 8622
2869 6356
9094 9744
1551 8555
7361 9715
1848 7795
5442 6069
4174 7106
3678 5707
1381 7097
7425 8424
3741 9439
3237 8216
665 3214
8521 9818
5009 8136
1630 3371
4462 5294
2934 5963
3039 7706
733 5075
2368 5552
5468 6206
645 9163
1140 9142
3581 4727
816 3797
4284 7853
2006 7270
2016 5514
4569 5807
6847 8339
1449 9833
9286 9513
6536 9386
2811 4967
2239 8417
4333 6173
1917 8137
1723 2673
4577 8785
2154 5340
215 9178
3057 9574
8937 9221
1389 4719
1958 7616
2247 3289
2223 2666
6398 7816
6145 7141
4018 9208
775 4267
4711 7674
2447 4811
2042 7206
2388 7614
3916 4730
1392 1462
7360 9624
5698 5863
5978 8132
1145 4214
462 2760
5358 8424
1062 6431
5869 8899
709 2637
5872 6430
509 6484
4320 8462
2673 7719
3736 6196
7072 9867
4943 6869
277 6097
3824 9692
3743 6320
1577 2568
723 5137
2720 9376
5344 6166
2792 5051
1321 2053
314 5871
2400 9142
2837 7682
2484 8089
1216 4925
5543 6231
4911 7452
744 8084
61 2429
2232 8282
838 7948
4730 6882
6022 7434
396 6849
4984 7701
6701 9937
617 5276
38 4108
4479 6253
108 9536
3219 3704
1108 2066
2389 5169
3709 5288
4483 6897
7385 9522
3868 9482
5456 8864
31 1853
1242 7664
3788 5029
5414 5420
5023 9736
1560 2348
1823 5202
754 9832
2464 6925
8044 9343
1435 7012
1046 7725
2878 9682
1942 3847
6503 9026
8765 9076
3285 3361
117 9891
1331 2875
5873 8041
5890 7456
5761 6588
957 6340
4250 4686
3190 7446
6063 9370
3152 6925
5999 7628
3413 6929
2518 7282
1995 9227
6441 9730
3373 5581
1425 9828
8522 9210
5186 6064
6149 7572
8430 9392
1424 5210
3363 6061
4185 4678
2086 4097
577 578
5143 5613
3766 4465
1080 4353
2778 8525
4359 4750
2867 9277
766 1682
3169 9844
5633 8631
1517 7737
216 3201
1520 3807
596 7394
5721 9912
3899 3947
5251 7482
3427 9092
3043 5948
507 640
992 4590
8082 9180
764 1959
5203 7707
6149 9800
4839 5444
1938 7888
5582 9689
5812 8165
7278 8604
1502 2073
5072 9358
1954 7832
6130 6296
1085 9140
207 2226
5669 6315
127 9107
1118 6284
7324 9659
4120 5878
3005 8931
555 4895
1429 1450
6709 8797
3581 5600
71 2567
5683 9633
550 7934
4082 8740
3447 8229
1694 4121
3371 9173
1115 2953
616 3269
1146 4252
2897 7304
3900 4535
2579 5682
2109 6965
951 1983
3416 6822
4037 5183
3356 4327
1650 8602
1416 6220
4986 5103
3477 3799
89 4398
1971 6213
27 2766
1482 7971
3970 4900
5957 8946
5797 6742
6972 9449
5322 6220
8854 9012
3250 7957
4430 8268
1018 8510
2793 5503
2684 4284
3059 3407
2183 4756
1820 3950
1001 1632
1274 9375
4062 6825
8764 9240
3533 5249
4567 5011
6311 7084
2976 9007
2288 7209
2678 5637
6871 7946
2425 7443
5995 6326
848 9388
1146 4615
327 3529
5029 5715
8189 8901
1938 8264
2308 2842
1812 5644
253 6734
5528 8782
2665 3079
586 8075
2737 4941
372 5379
5071 6062
5629 8541
8535 9659
1414 3275
58 264
8676 9369
2766 4595
2617 8902
7395 9915
347 5736
2931 5571
6241 8021
1363 9056
4947 6642
4997 6005
950 2996
4453 5087
8106 9374
8137 8687
933 6964
3994 5741
7891 9974
4152 7081
2368 9258
3856 7204
735 1014
4453 7194
2579 7455
5881 9556
7350 9741
4262 5677
691 9309
5904 6278
6468 8306
6910 8422
1846 8809
196 6334
6082 8270
5538 7389
5447 7759
579 9482
6178 9964
4206 9653
3213 4250
2867 5828
1780 7142
212 4477
6588 8263
2080 2681
2339 8045
2833 5133
7566 9113
1716 4619
6704 9377
681 8604
867 3361
5196 5265
6348 9715
6330 6399
7665 9765
5099 8981
25 2493
5972 9549
3699 9835
8570 8824
3621 8195
1930 4928
3886 9661
5572 9349
997 6746
2402 7138
6849 7085
1381 9072
2542 8875
264 8292
2738 8521
4199 4415
3526 7813
4169 5704
347 7509
2489 6770
433 2853
185 4737
398 1583
3567 6538
893 1791
3133 6017
4227 4598
3094 7523
4856 6792
1788 9022
1356 8382
4073 6117
3453 6409
5681 6380
4263 9661
1913 6960
380 6531
6013 6826
9177 9451
4025 6985
971 2505
4594 7667
1046 8277
2966 8361
3012 9002
6847 7402
4753 7394
1551 2262
2776 3807
167 3619
2041 4112
1547 6987
8759 9059
6032 6960
1624 8375
5650 7538
2558 8953
6453 9353
8816 9980
1827 6933
393 9681
1181 8744
5895 8244
227 7433
4598 5584
1745 7739
1826 8630
8918 9883
6340 9533
6345 7662
1527 5072
2466 6223
5733 9535
982 4720
1152 8807
4337 5893
7604 9205
2587 9896
4015 5613
5431 8675
8987 9875
1724 6754
1810 5774
6036 9657
3987 4504
136 7557
3713 4201
2935 7317
1006 9628
3638 5747
3464 7846
1692 7889
2767 6457
3751 9825
7684 8797
6003 8204
4269 4338
27 9492
3769 9879
4232 9640
6594 8645
412 9828
5000 8694
659 1303
5688 8314
2646 9321
1515 7411
2043 7530
6036 8502
2772 8908
2531 8553
1416 6651
208 6736
2612 5472
8496 8567
2367 2443
1288 9354
3296 5875
1699 3970
7967 8977
383 846
3261 9301
853 8379
6066 9549
1873 9226
1446 6907
3280 8267
2846 7746
100 679
4917 7770
1414 1478
49 5817
3526 8673
936 8535
1237 5457
1025 3588
1083 2775
520 8556
1292 6332
110 1222
8033 9573
3671 5277
1233 7445
2027 5734
4244 8027
5004 5271
1741 6316
4762 5923
212 4545
795 9555
5208 7932
9239 9913
4426 5910
362 3028
110 9866
7505 9696
8071 8121
471 9845
3611 7683
1120 1623
5579 6303
603 9735
3428 9962
5589 9465
5299 5431
5631 5904
2243 6540
2121 2642
5309 9825
6076 6291
1136 9188
5458 7181
6518 7161
7705 8185
4639 6849
2373 9767
1475 1972
2981 9623
5209 5393
5835 6838
1857 7672
740 2691
5118 9183
706 9725
2821 8358
5248 8475
1698 8029
22 5794
1732 4873
679 2388
7356 9549
3590 4375
1334 5766
3297 7011
685 3142
3398 7817
15 9992
3602 7058
343 7808
467 933
706 5416
6048 8420
6131 7408
2184 6323
78 2814
5155 8324
2374 9601
2749 9478
4941 7806
3943 7243
4247 5934
677 2621
2734 4925
3867 7864
2133 3769
3963 5128
1110 7054
4195 6417
1946 7326
4363 6230
5366 9648
3661 6483
6491 9003
316 777
6730 7299
8106 9013
6406 9161
501 1991
6881 7468
124 8191
5187 8370
1137 1414
1921 9898
54 4685
5697 6634
3835 5966
8131 9945
5949 9824
820 7076
5058 6418
2995 5760
4941 7819
1935 4548
6637 6963
1145 4163
7036 7234
893 1175
3472 9068
4346 5660
1467 5611
4870 8518
2709 5339
1811 8161
3099 9466
1797 6011
1525 5323
1755 3799
6426 8887
705 3046
6694 7884
2766 9027
6337 6563
5101 9326
2496 8385
5161 7162
5324 6631
7368 8996
2545 9967
4663 8871
3121 5404
4702 8045
2128 2216
5708 8728
2408 9440
1582 5197
3705 5869
3178 5157
4150 6256
2682 8925
572 6206
2936 6563
367 3293
4178 7486
148 5649
1070 3938
3203 9307
2149 2396
786 3132
2191 5547
7421 8347
4842 6375
210 5416
1698 5614
6658 8553
5819 9969
3682 7147
3066 6124
6629 9020
5897 6627
1346 3590
2194 9349
7285 9590
4854 5796
1387 1938
3804 5043
6668 8904
4089 4946
1169 3930
1814 2648
9284 9445
5560 7126
3065 6811
7609 8411
90 6825
764 7035
958 9264
1207 4572
5359 6843
9097 9740
1740 6792
3037 9866
4336 5698
4444 4477
598 9860
533 871
3244 9149
5133 7705
4691 5108
749 3613
2963 4440
807 5769
2940 9152
4931 8244
1705 2489
5123 8414
5364 7308
4383 9836
3423 7579
4863 9012
147 6662
486 6128
4675 5514
1927 8954
4249 6574
825 4547
3236 8103
5684 8868
1588 8855
5263 7791
3694 4258
2912 5912
173 2756
2364 8295
4123 5832
671 8631
5535 7432
645 2980
6548 7108
7433 9191
4985 8722
5826 9567
3579 6119
1998 9894
2837 9417
5743 7088
4505 8499
3947 7683
6733 9224
3804 5419
2107 9019
2585 8829
4180 7921
5639 9596
2260 2845
3426 5207
1561 4830
5640 5805
1951 7459
3114 8126
1433 1612
409 6015
1823 8213
6876 9394
1773 8621
5921 9467
1476 9566
3537 7411
2181 4659
5491 6621
2421 8024
2039 9679
1734 6828
3370 7944
2004 2259
4798 8091
3361 6138
3373 7424
5852 9717
100 5795
1770 7690
2279 5581
3867 5717
3941 9867
7924 8394
3497 3703
837 3055
2397 9774
3228 5730
2891 6862
5786 6101
5039 8567
6572 8996
6582 7469
216 8077
2563 4064
1305 2342
6380 8008
6218 7192
1497 4498
7324 9274
3227 4229
1950 8681
252 2257
9076 9252
1619 9335
3633 9054
3862 6662
235 4010
1124 4374
13 2362
2647 6515
5570 8031
6829 8140
6600 7085
5117 6248
690 1557
1158 1662
1541 5601
918 2175
701 3638
44 3368
2160 9285
5358 8791
3288 9140
2997 8210
526 8252
5772 7347
6737 7504
1078 4564
314 6346
888 4403
532 6690
8909 9502
4384 6491
3114 7684
6374 7573
1076 1835
1895 2692
2208 7353
1470 8178
1041 4766
3792 7784
2121 7879
7692 9282
5486 6064
1644 6493
5656 6246
8049 8765
6426 8379
2370 3860
3061 7161
943 8782
5965 8169
3353 9255
6378 8338
2959 6884
486 8048
1995 2936
3821 9774
3186 9263
3575 4120
4700 8659
6295 9737
6444 9308
1683 5266
4475 5050
8251 9222
3394 4718
732 991
4472 8953
881 2777
5311 6490
3900 8727
7812 8771
4703 6570
2848 3912
1077 7792
7863 9527
2015 7846
5647 9822
3677 7406
3415 3730
7585 8499
2768 9746
2295 5096
2484 3571
2241 7785
1250 1977
1936 7149
3483 4544
5926 7409
6256 9270
999 9979
1066 8986
3184 5379
627 1971
7478 8494
1306 8150
747 6237
5998 9877
2897 3107
2234 2763
1477 7510
2201 2357
7801 8891
6690 7108
2547 6148
374 1646
1626 5243
3418 6606
641 9345
5400 6144
2358 3179
6444 9563
6778 6928
8235 9533
5783 7831
8923 9116
1650 5573
248 2180
1304 6885
4996 8912
3317 6968
3333 9393
7708 8969
3119 6431
583 3109
400 8586
5670 8075
899 5789
3590 5787
3471 3584
1499 9497
998 5014
2818 8654
946 4329
2654 6745
3640 4332
1898 3729
4181 6605
506 3764
4115 8237
3879 8226
3550 8990
4341 7533
5318 6990
4134 7469
1976 9920
3662 8413
5688 7203
2449 7107
2370 2384
1597 3629
6495 7905
2524 4248
2259 2553
1608 7696
1713 4972
3905 4091
7588 9267
2034 7804
2951 9196
420 6447
1218 8184
3604 6314
4144 9705
4037 8825
1711 3098
381 4011
2006 2457
8755 8969
882 2721
3392 4593
8553 9545
1290 8410
1658 4376
3891 5216
5926 8256
1033 4058
5427 6357
2158 2218
137 9141
4332 5861
529 1263
133 3249
1657 3858
371 6275
108 1206
3008 8925
8216 9751
1474 9520
2350 2509
3079 8805
6489 8490
2709 3381
3336 9141
5659 6757
241 2903
6706 7441
1690 2355
2364 4780
363 6986
3055 8340
5993 8444
22 3394
2071 6140
8012 8766
7203 8368
130 2964
2107 4336
1516 7544
4138 7671
3589 6409
1794 6505
3182 7519
5632 7354
1852 4231
625 8275
3983 7504
2181 6621
2716 9934
696 3725
749 9213
918 4592
770 1459
973 8729
754 7113
3631 4083
3112 9116
365 4793
807 7878
4721 6571
8642 9175
4495 8968
2711 5510
904 8979
941 4845
4705 6748
4839 5745
4364 6684
7082 7273
1122 2907
1674 5635
4396 4946
2009 5854
1458 2075
2899 6096
7403 9021
6445 6608
877 3261
8 4798
20 3869
5782 6264
8937 9335
1019 6054
1868 3141
2552 5500
4646 5996
6619 8158
7037 9903
2832 6308
3847 8006
4153 5309
321 6426
4051 9499
3769 4151
331 7373
2024 4068
4720 5127
7868 9242
6932 9557
215 1011
4380 9674
8423 9235
2638 9825
1306 7171
2206 2732
2966 6392
538 9285
894 3965
813 2808
2165 4128
83 7429
3634 8248
2381 8856
7242 8177
9755 9795
3193 4341
1388 1992
4058 5314
1336 3788
4577 8094
6024 6268
1628 3142
6540 9339
4016 8057
7732 8455
8650 9025
4291 4734
2680 9310
5415 9314
2086 2909
3662 5206
1527 3211
171 4401
978 3117
2509 6166
1389 3920
4183 7537
1789 2807
6582 9807
4086 5389
4516 5202
1665 7238
818 8534
4562 5089
5315 8036
1791 7054
692 1484
1594 7937
2955 4647
111 3424
773 1594
7285 9176
91 9373
6932 7597
3346 9901
2556 7567
8378 9976
2364 4593
5896 9371
3948 9188
3903 9940
7148 9292
2728 5772
3001 9085
1153 1936
7166 7360
442 4813
4871 5672
3213 9907
5205 8406
244 9672
4604 6725
8761 9377
423 9674
4836 8051
2565 4209
8139 8805
8972 9560
1931 8538
3714 3894
873 956
6860 9131
4004 4407
526 6281
2377 7248
4185 4684
4207 8378
5361 7239
6063 9497
3502 8562
3130 8165
2727 6994
306 1932
3296 7410
1 3511
3197 4664
4043 9825
6149 6652
1087 5651
197 1881
5341 9633
336 5194
6263 9383
4537 4883
4306 7431
8400 8943
1600 7081
4869 7544
307 9044
4388 8668
792 1394
3359 3800
1841 9358
6063 6477
15 3688
2775 6260
6993 9794
1750 8947
1086 8967
34 7350
7830 9473
2689 3453
5235 9183
992 7053
517 3791
54 354
7547 8101
4004 4891
3173 5488
3632 9449
3916 4778
3262 4025
4604 4886
6747 9445
2170 9654
1117 9155
2894 9456
2610 9697
3207 7472
172 1019
3769 6421
3664 4678
2101 6558
3121 9354
1982 4880
4487 7869
8327 9353
3958 6064
5018 8030
799 5732
4283 7581
3822 6957
1993 3497
1726 1921
1808 6161
55 8203
3222 6144
507 1130
5236 8374
6805 9692
258 6024
6347 6599
4468 5533
2092 2429
1691 6286
342 2231
756 5483
7277 7701
936 4138
1273 9156
2057 8972
3812 7299
2415 9434
5847 6663
2303 5766
3777 4568
3455 8718
6755 8006
2247 4639
4291 4789
6961 8111
4748 6691
4213 7350
259 368
7046 7889
1394 5891
5337 9715
2531 3122
2952 4347
2489 7326
4846 8165
5815 7798
4114 7987
6996 7021
786 8371
2730 7388
5749 8612
979 8951
3076 6978
4175 8118
1661 8985
1052 7480
2860 9309
4257 9877
78 1087
4202 7726
1480 1999
2973 4756
3749 6963
5032 7924
1086 9693
2067 7165
3669 6445
1060 6257
601 2067
334 3938
227 1560
2202 4091
1560 4853
4708 8473
7283 8754
1738 2644
2956 5233
554 5109
1705 8654
1526 4222
15 6521
6539 9239
8767 9210
5866 5992
1555 1661
940 5266
4584 8299
2323 9871
263 8959
8341 9977
7066 7894
8449 8756
590 2443
1816 5839
6033 8505
6158 9439
5351 5438
5065 9282
2484 7695
1827 4456
4765 9744
192 4999
1449 9465
2638 7115
2393 8516
2735 3786
718 5459
3433 5814
2347 3381
2451 5195
2999 6461
186 350
2896 3330
1106 1784
249 8808
4844 6667
2358 5906
6423 9427
3989 5887
5308 9511
745 5188
2505 6599
4286 6110
1223 1551
707 2452
2320 6028
4746 7263
5537 8287
3362 4419
2273 8656
664 806
3229 8764
1200 9905
601 4887
8098 9572
5743 7079
8664 9983
3747 5428
8475 9064
4999 5615
3638 4438
3006 9860
2051 7947
4339 6737
5480 7379
5097 7089
1120 9279
8528 9048
603 8989
2544 3534
9475 9794
4630 5344
3759 4068
5486 6497
2394 8141
3337 4375
3220 8634
3726 8994
579 9985
6071 6369
3943 5087
2790 2930
3139 5033
830 5137
1559 5017
605 6187
8215 9086
7368 8921
3782 7061
518 9453
1623 9095
2318 4224
5838 9931
7715 9150
6037 8599
3688 7584
104 4336
4505 9792
3006 4746
4429 4549
5786 6213
996 4917
2757 7159
561 7140
3300 5866
473 9013
6938 7364
290 4876
9145 9235
3596 5901
1471 4099
2367 2665
3535 5396
1907 9096
4600 7706
2363 3714
35 7740
2676 6160
766 3758
1917 7340
4873 9033
577 8023
3856 5976
1316 4427
1361 3675
738 2235
576 5620
2989 5573
1056 8408
2109 4477
2887 7282
4788 9339
1849 5829
109 8076
6931 9468
4011 7432
1461 9396
2626 8675
4492 9691
3439 4991
4394 6675
3750 6839
2737 3258
9065 9777
1040 4155
1651 1828
5384 6825
1948 3741
7034 9825
1181 1650
3835 8374
3164 4005
4667 6955
885 8418
5083 6604
40 8097
451 2713
528 681
4220 5677
9368 9670
1231 1592
7630 7991
2902 8327
2085 5853
2995 4317
2766 5248
3346 8038
7293 8894
9180 9555
904 8552
2462 9452
4348 7030
7830 8052
3649 9015
2360 5011
975 2016
5670 7690
2143 9177
5697 7298
3692 6618
1355 6623
185 584
1267 6510
4992 7253
1024 8738
220 5008
247 9083
4584 8596
3653 9255
587 7690
2510 3844
182 9856
7331 7442
6577 7734
142 4536
6551 8499
2602 4601
1262 2086
6067 7632
2096 5961
365 1575
877 9600
7794 8600
2050 6259
7459 9290
5668 6610
771 5417
3153 8272
1066 6991
956 5170
2757 9992
2427 7902
4195 6168
387 5427
8157 8544
4895 5347
796 4134
4294 7867
1288 8797
6888 8390
2669 6883
1578 5338
5542 8578
2973 7294
6935 9670
4128 5296
771 6706
5922 8984
2818 9342
607 5551
109 7755
8610 8647
976 7111
2096 5156
5752 9475
498 2117
4869 7667
634 7347
2338 8072
793 7111
4633 7804
3994 7588
3818 9806
8818 9700
2550 3232
733 829
5992 7299
4189 5814
316 3924
2845 6038
4844 4991
2664 3519
2595 5863
6416 8529
375 2289
562 8760
3456 5145
2232 8440
188 5846
4460 9431
269 1304
284 2107
5091 8022
4232 4319
4550 7109
689 880
3247 7896
931 2628
6034 8356
4702 5931
3248 4334
1840 7808
3230 5448
3123 8769
2906 8771
5179 8973
5383 6036
3881 5674
1647 8810
3325 7442
5368 9848
1588 6954
4246 5543
4958 5483
1598 1751
4158 4676
305 9871
1 8211
1978 3204
2944 2997
5702 6166
464 9406
3611 3985
3450 8992
1826 4732
389 2816
793 9581
158 2654
1438 6084
2011 3502
2902 5925
3879 8122
4498 5656
5119 8218
1499 3327
1796 9441
1469 6831
153 5693
4657 5383
536 2196
1506 7652
3242 5700
2961 7673
1533 5311
2073 8931
5190 9266
663 7606
2160 3157
7600 9739
4219 6096
8725 9619
2513 5941
2573 3777
4201 4443
510 2301
2313 4311
8838 8863
3193 5821
8430 9563
3872 8324
5919 7991
413 1321
2190 4096
2933 5601
2214 4453
154 9728
4171 5624
5200 5271
4749 7321
2206 5272
762 9318
3109 5305
1197 8492
1842 8230
569 2507
551 1901
1585 3878
4078 6335
143 3796
6190 6360
7468 9946
1148 7260
2662 6656
3708 5755
521 8559
7107 9711
4080 9764
8569 8688
692 9609
2545 6256
5076 9005
3276 9215
303 8107
4279 6217
2840 3437
2981 7348
4137 7036
1604 5675
6848 8144
2846 4908
3188 5840
1090 4407
552 3334
3665 8394
4465 9201
3085 9805
9255 9285
6734 9964
8768 9692
3565 4780
2954 4855
3346 8119
7258 8429
3724 6759
2108 9530
3402 4493
1523 4410
4152 5479
516 8457
2835 8812
397 4830
1675 7433
70 2220
133 5952
6134 8629
4145 5705
2641 8946
3763 7626
1765 7097
7059 7172
834 1340
114 8827
8577 9693
296 8575
2806 8232
5244 7784
4344 5541
4882 8600
1086 9374
7858 9713
2338 9066
2639 6025
6580 7295
3624 7817
3514 7945
3889 4853
3587 8164
1490 2260
1954 9076
4856 7500
157 6551
6 1723
3161 7763
114 3471
5747 7213
7434 7557
3501 7602
5653 7780
5625 9704
606 9568
1588 7117
6870 7929
2016 8089
2190 9962
8020 9788
3005 8310
6328 8484
6644 8461
450 6143
1838 4942
7564 7643
3322 8367
1171 6842
777 3276
2924 8506
4861 6810
7581 7997
614 7419
2223 8395
9315 9648
745 3472
1744 3442
3991 6661
2222 8207
1002 7006
4316 5963
6716 7438
3187 4880
3374 6204
5948 9552
3415 4515
1090 8058
1126 7715
1918 4268
156 569
8963 9610
4536 7134
5955 7727
2736 2914
5898 6698
839 7658
7382 8403
7764 8468
3579 9992
919 7129
336 621
67 8081
1977 4030
3090 5105
5910 9152
1359 2705
2835 3832
629 7555
1310 6196
2311 2334
637 2720
45 859
4628 5797
3602 5630
2933 5306
969 9057
1926 9353
3883 6323
1201 1486
325 2081
3614 5640
2545 8055
2827 7741
1191 2195
1870 6425
2761 7387
3133 6764
3425 8370
5914 8870
838 8200
2490 2871
1039 8190
4019 5810
3437 8609
4858 9763
835 2947
8672 9272
1416 9345
5542 6231
3300 5305
6161 7929
1374 7133
3583 7845
2038 6130
1336 4397
3068 9385
313 9668
3723 9316
994 6848
6082 6589
1882 7310
7181 9715
1135 1374
7327 9015
1360 1721
895 5822
349 8278
8040 8133
1404 3484
378 1102
5195 5490
7602 8661
5432 7123
1000 6289
4790 7656
3995 5695
6082 6481
2735 9333
407 4957
2459 9169
2419 9999
860 6925
6252 6340
1932 3990
6152 8351
278 7472
2998 6939
610 4535
1840 4401
7729 9826
2507 6850
5580 7667
3365 9850
4024 8503
2276 4739
471 6820
920 1691
8891 9036
4144 7107
4651 6386
4043 7964
8064 9523
6364 6702
7599 8898
2964 3275
2043 7096
3677 8809
5950 6833
6772 9385
5416 9343
4719 4985
6183 8761
4056 8576
7392 8312
412 3099
8772 9465
2323 8318
4525 7334
2562 4399
1121 2741
886 3103
6436 9291
7459 9655
632 9639
1208 4322
871 1290
3482 7644
901 5074
4019 5139
534 1116
2072 5824
4212 5948
2323 5177
771 2520
3023 3868
1547 2741
1402 4309
1677 6463
4079 4372
1298 3434
4866 7869
1996 6216
234 6718
6249 8539
1665 4130
2472 3701
3416 9397
2217 2657
488 5322
7633 8387
1874 5701
3581 9235
2213 7153
1576 9979
5645 6560
5073 8091
6816 7310
6492 8647
4678 6478
3134 8371
768 7941
2350 9723
6445 7259
2252 6936
1924 8568
642 4045
6133 8606
6196 6676
5814 8331
4647 6239
3090 3992
5770 7736
1602 4208
1499 3329
1368 4795
728 971
4991 6988
3244 4580
1769 4321
157 1384
598 8674
1233 1308
1601 3461
4233 8477
6745 6746
5633 8791
5005 9222
3095 3181
4701 9979
6105 7554
5575 8557
207 5527
5571 9081
4884 9871
1343 5273
830 5691
436 6289
1808 4555
7642 8058
9615 9725
4978 8459
2199 9809
119 9736
7908 8702
3319 5639
912 7157
2851 3844
6047 6687
7024 8884
104 3951
7041 8070
1825 6077
840 8193
3863 6678
8152 9449
2586 6663
1383 4648
6353 8046
2065 8654
8138 8467
831 910
2675 6368
2899 3632
507 6182
4832 8876
3010 9327
4020 8732
3084 7061
9061 9381
3369 5473
4835 5912
2827 3729
265 3387
2021 4568
4285 5216
6659 7456
2695 4741
2460 9799
8031 8233
1812 3347
5900 6128
5774 9924
3744 7228
227 7417
1844 3299
3148 7877
4297 4408
1038 7107
1752 8665
518 5122
2328 9535
3921 7275
7643 8501
2169 8953
4082 5651
3966 9906
7072 8685
405 7581
1742 3180
2877 6946
4193 5869
3350 6375
2827 7125
602 5651
1490 2141
4893 7034
4483 9085
6420 8880
8448 8763
31 5798
361 3458
9139 9583
698 865
7007 7105
6601 8632
307 6901
5026 8960
6177 8341
415 5680
1793 8450
5220 7779
3174 8522
1555 8807
1901 3782
5584 6780
3065 5088
5093 6920
1045 2814
2316 3243
7 5333
414 3442
6083 8827
3767 9975
1735 6644
5458 6789
3261 3687
3216 6425
6010 7036
3091 8608
2550 9718
2623 7493
1054 1937
278 1716
7954 8618
573 9248
1089 6132
3797 7723
5151 7921
767 1880
371 3866
4283 8111
1053 5886
516 9882
3601 5044
908 8420
7960 9308
4588 5485
4495 5028
1112 5446
2137 6408
2032 6880
6486 9459
2632 8565
178 8022
455 8596
4459 4553
4350 7764
5846 9772
7461 9745
1360 9870
4333 8763
1139 3980
488 9123
1042 6262
7360 7892
4049 8186
4827 4841
6418 6443
4069 5391
1810 2872
3439 7210
4101 7595
1455 8831
4679 5091
6657 8122
1848 8762
6636 9231
437 3829
7868 9503
6505 9714
1242 4522
326 6967
2599 3971
2153 8580
240 4483
3696 4513
2514 9791
93 5187
757 9139
2328 2690
1474 5030
6566 7859
2397 3958
3529 5046
1837 7004
5045 8689
434 5638
7968 9976
3536 7156
2691 5078
6128 8572
142 1265
9388 9710
2041 7184
874 9027
2823 8388
4370 5517
2272 8514
6560 8202
1685 8717
1441 7310
9058 9202
4641 4933
7271 9876
865 9594
3177 6526
7119 7792
3139 7991
897 7856
2189 6156
3343 5017
2004 8591
7081 8668
1233 6987
1026 6923
3452 9390
8101 8532
36 3740
2381 7494
3974 7974
1161 6101
5939 9292
2671 6546
2643 8928
4109 5166
3001 6192
351 6003
2371 3810
628 4554
5345 8526
149 2341
369 8760
3096 8415
6258 8227
2013 9700
1063 9851
1335 6109
6149 6779
1722 4532
803 8463
20 884
6602 9205
2230 8651
4706 5277
332 8060
731 4130
2470 8074
2019 5169
5995 7480
7120 7855
1413 8099
4123 6124
423 715
1372 8741
6465 9617
2948 7591
1283 1344
4448 7089
3214 9696
3756 7764
523 3282
4530 5172
4982 7962
1840 7799
584 2511
3493 8293
3890 8932
690 2412
763 7357
1914 4715
2368 9123
8336 8654
2070 3013
327 3528
767 3800
3989 9813
2425 8610
1451 4432
1525 4381
5876 6081
4021 8570
1690 1974
743 9041
4902 6104
3324 4212
3183 9191
399 4047
7273 9093
1035 8166
5816 8659
410 1432
557 6326
3382 5321
1393 6827
1045 9527
113 2350
3962 4849
5479 7963
2282 2909
3341 3455
2448 6355
7654 8798
895 6442
1860 4613
4088 7590
7252 8000
172 1388
5760 5882
5971 6331
2593 7618
5535 6932
2774 4431
1094 5726
318 1075
3993 4404
4483 8469
5878 6224
105 5397
8515 9140
1674 9455
2412 6415
2021 2329
340 6691
4629 8937
591 7505
6174 8208
594 3309
1645 4967
1958 3966
7242 7554
2653 8692
4303 5276
7654 9979
1883 5778
3156 8266
1203 6019
829 7269
1994 2347
3077 4940
656 8775
780 1900
7017 9543
2677 3020
2567 7349
2018 8073
11 8973
1489 6497
997 1605
153 9322
4040 5926
423 8917
278 3086
3321 9622
1490 4103
698 8075
669 6354
2121 7124
1703 2935
6054 8799
4330 5621
3886 6627
1856 3931
4471 9532
7327 9072
469 1341
1074 5356
1222 2073
5413 9705
7567 8532
2629 3100
4758 5280
5957 9805
4637 7205
858 9380
230 5647
285 1116
5488 5799
2592 6601
1030 2024
6793 9259
747 918
2588 3449
530 3135
1192 7684
3816 4474
3534 5313
409 2616
1974 8888
1736 7555
2235 2772
600 2332
1809 6047
27 1652
3072 7066
8223 9344
1844 2254
1998 9073
3923 9043
3587 6879
2503 7030
5113 6100
9225 9504
376 9097
3612 8858
3622 4850
4704 8561
289 955
5720 9932
1118 2271
2838 3758
436 3634
2058 2829
3596 6820
1860 4305
6958 9689
316 8413
1608 7504
2867 7842
5279 9408
1141 8755
1139 7928
7892 9715
2873 3163
2277 3317
368 8990
7106 7759
4408 6590
1703 8680
3243 5096
6701 7710
2709 3176
6688 9168
4552 6985
5940 7962
8932 9120
5804 8367
1425 7359
4611 5579
4035 6200
3448 4683
2032 3607
7804 8447
9667 9983
8793 9190
6472 8008
5866 8952
6124 7261
4312 7417
5005 7869
7618 8405
987 4100
1000 8240
1914 3736
408 3935
5523 8734
5624 8786
6116 7262
5395 9488
5245 9958
6553 9774
1050 4570
4162 4561
1569 7121
2653 7458
631 8824
1249 1518
170 4228
2207 3207
1852 7180
460 2526
301 5916
3499 5156
4347 6943
3019 4519
1926 8526
4522 9684
1246 8538
2876 7099
7678 9452
438 902
1687 2804
4868 7059
1162 9069
5033 7126
5521 8149
1001 9646
3062 5010
2604 3378
5040 7287
6831 9472
129 1729
311 9613
2790 5985
309 6800
2742 6991
4519 7063
396 5227
5926 6104
2956 8677
855 7727
4886 7988
6648 7257
4568 4969
4728 8368
6959 8839
3031 8033
3989 9197
4749 6441
6433 8500
731 4695
1632 9755
2735 8156
5359 6895
4560 9171
7107 9878
2995 7706
1961 9701
7499 8416
2969 4536
233 9033
527 9214
1527 4750
100 7686
1174 3171
998 8836
6865 8544
4564 6782
2026 2862
4221 9826
4207 9662
4601 5617
5358 9043
6043 8328
859 8613
5886 5900
3035 3735
3155 4783
1541 8189
9323 9623
2719 9622
5269 6197
348 6596
2734 5958
5867 7055
6651 8857
524 1345
2633 7074
2089 6156
432 8172
511 5018
2305 8935
292 9855
4561 5292
2484 8937
2852 7118
2307 3117
355 7925
4775 9193
7495 9892
16 1814
7474 7554
3761 5653
2396 7777
4245 9378
322 2500
5423 9350
1696 7780
1586 7908
2587 7493
6048 7601
6198 6902
2092 2532
3852 7353
435 5036
4094 4900
2862 6385
6005 8170
7430 8571
3765 6418
1275 5427
7369 8332
6598 6994
3776 7479
3819 8115
1785 9141
1348 8157
744 7188
6910 7000
274 365
1326 5594
5225 5470
1830 9557
672 4841
719 8299
8050 9834
3807 7179
4065 9689
2367 5517
5789 6451
2411 9724
1994 6403
6025 8650
2083 7155
514 3622
77 615
6073 9364
2790 3341
2499 6804
1572 8925
1515 1975
1896 2081
2161 7748
3255 8773
495 6497
3050 5631
5083 9793
2689 7086
2806 6439
2818 9711
9034 9307
4354 4436
450 2001
1007 2858
4969 9664
1362 6469
1589 7414
597 1647
7957 8047
5283 7501
8108 8216
6320 9483
296 1426
7873 8578
7849 7992
1369 7532
3640 4921
4222 5542
3530 7678
3106 7387
3278 4461
1118 6085
4881 8746
6567 9188
5698 6524
6926 7549
861 7331
6876 9943
5441 6639
2366 9684
3326 7511
3353 5924
2246 3617
312 7799
447 3005
4909 7653
2355 9158
996 4415
8177 9618
3172 9380
259 8323
5500 9326
6164 6337
3982 5987
4632 5803
196 9960
1808 7713
719 1104
8313 9923
66 7864
8808 9865
3111 5879
3772 6113
6948 7092
1929 4970
3334 8102
562 6001
3454 5989
6294 7470
6261 9279
2503 8884
1744 6092
1203 5216
6263 7339
6031 7770
3988 4812
4965 8241
4853 5556
3686 5413
448 4788
3089 3208
3975 9488
1984 6720
3567 7936
5377 8185
2746 6252
1442 4185
586 7876
2852 9159
6594 9317
6630 8974
9188 9574
4530 9188
1813 3051
1789 8844
1617 8094
1069 9952
2476 6549
4731 9592
5113 7967
1150 5366
131 6141
267 7759
1463 2150
1762 6913
4322 8377
9526 9727
975 8748
3896 9437
1828 8435
118 2940
1946 2240
5638 8468
3255 8586
5036 5919
9153 9630
8912 9275
2591 2944
8502 9111
1301 5885
652 3261
1328 6513
2694 7243
5997 6536
3146 3876
5342 7507
2162 4874
233 8646
6721 9226
1764 3552
6368 7647
3637 8516
5882 5916
8707 8883
2559 4695
890 8394
8541 9079
3332 4618
7093 9219
753 2646
3330 3525
2125 9314
3775 4141
2983 9079
4743 5535
6379 8829
5186 5812
98 2836
4772 6172
734 4740
1097 2577
2493 8370
6827 7420
1280 2698
2219 6818
1393 7005
1654 9032
2795 7688
1964 7531
8975 9842
2626 6684
5599 7792
9465 9706
778 2945
1392 3104
6133 6450
4952 9149
938 1887
7006 8001
5546 8316
319 9951
1847 7067
718 3052
2583 3954
29 7674
1612 5480
1137 6153
1491 8637
4160 8839
151 689
5073 7574
5904 9717
5949 8965
7903 8633
3703 6385
815 9485
5493 7113
1883 4667
7516 8409
2092 8453
8406 9146
1321 2419
5128 9617
6234 9484
940 2993
1876 4627
7827 9698
2278 8579
6431 9769
326 8957
3132 6919
1680 8364
99 1330
5945 8563
2478 3914
1478 6954
1676 7198
96 2493
705 2537
6042 7449
1795 8058
4171 8947
1064 2655
1452 8887
760 1426
2274 8995
82 6466
1868 1891
2099 5207
5586 8751
282 1572
4325 5334
1030 8376
2279 8292
357 9559
1588 3419
4423 4859
7902 8313
1637 8007
1255 9891
2681 5010
3906 8504
3718 6992
7202 8841
2467 6249
2033 9404
328 1809
1790 7956
3963 6042
2574 9987
3515 9787
2856 6475
3691 8966
5143 7255
8663 9286
3248 4195
996 2618
5285 5618
507 2161
4100 8612
1526 9199
7257 7851
2040 7205
4077 6413
2965 8983
4947 8484
5849 7538
2673 4381
3583 9032
3463 3746
7368 9789
2153 3591
5941 6309
3782 5714
1196 3029
6392 6770
3900 5935
4829 6398
2365 8843
6919 9145
2683 5971
773 3606
2404 4341
4959 9662
5989 8982
7121 9508
3198 9046
989 2672
1587 9717
2711 2771
756 1158
5095 5736
704 9104
3280 6900
8061 9608
2753 7383
6832 8624
4019 7468
1777 4593
3067 7021
3140 9980
3732 9626
1702 6930
2906 3397
3386 4788
2111 4883
2892 7434
6233 7248
6207 8013
2769 4331
916 9633
8376 9067
5797 7095
3080 5913
6488 8935
2472 8016
3399 3451
2086 8209
4018 7401
5852 8953
3180 9005
848 9620
2806 6320
951 5840
2023 9092
2164 9031
858 1182
6365 6505
2696 9306
5308 6796
549 5796
2082 7457
695 9297
7382 9269
3132 7658
1303 4952
1998 6002
1373 8165
351 6491
1927 3089
5767 6034
3315 8533
170 1949
2895 9142
22 802
3198 4750
6107 6331
5654 9769
1406 7524
3689 7431
3747 5157
4904 5255
425 6790
626 8766
249 2134
1594 4727
5575 9597
5458 8029
1012 7489
6007 7039
2294 7353
7815 8639
1368 4680
3319 4114
8948 9363
2477 8494
500 7085
3194 6563
1100 6326
816 4581
3989 4582
4412 5439
6287 8261
6536 7016
942 4922
3775 9699
4802 8748
3217 8617
2116 2449
4755 9161
1831 7420
2080 6175
1297 7486
445 6223
1181 7540
7187 9578
411 1620
1588 4171
4631 8987
4098 6043
7246 8172
6687 8208
3893 5116
3559 5994
966 2138
2607 7762
1731 1941
1178 7427
756 5977
5681 9861
6415 8136
2680 6476
6372 9257
4488 8830
4092 8830
2525 3155
2957 4246
4798 6777
4803 4906
5754 9329
6105 6634
666 9322
4991 9572
6634 7392
6489 8731
4488 6736
1265 2713
6595 8632
4568 6436
5411 9865
1512 9006
6527 8434
366 1338
1768 4465
1409 1674
4970 7419
6689 8267
2131 2827
2009 8994
2899 3867
1565 3584
7091 9186
6826 9669
3431 9326
6001 9034
2560 3620
6930 7511
3528 9673
1966 4867
7974 8486
5785 8884
2590 8895
3449 8333
292 463
5782 8586
4464 4635
3697 3739
911 4938
4412 8151
3596 9026
8415 8579
2629 5561
7073 7452
1822 5990
1362 8257
1680 2379
102 1241
566 8286
4788 9081
5736 6376
4333 9440
1740 4352
5712 9402
1378 9140
1397 7167
7615 7627
8157 9896
2945 7379
4524 7924
2843 7368
1367 2040
4936 8134
6837 8464
4464 9078
7986 9196
5424 6905
326 8462
5224 8308
1153 6928
4217 9615
1786 8561
3052 8875
3140 6544
286 661
1441 4591
1938 5397
753 4742
334 9454
4758 9969
3825 8044
3163 4461
7751 7794
220 1475
3943 9985
282 2124
6217 6433
7741 8503
678 5736
1297 6239
4509 7400
5240 9605
2301 5341
2609 7443
8581 9419
6850 9234
4566 7116
2233 6634
4366 5550
2898 7253
5995 7673
21 3638
957 5043
8356 9422
3861 9700
5962 6449
10 1907
4404 6192
6718 8418
2679 5758
7111 8349
1576 4913
781 5204
144 6044
3697 5512
278 1843
4713 6883
3918 6154
98 8557
53 9309
6755 8421
8878 9130
2223 6417
7098 8760
1028 1782
2949 9446
755 6319
908 6332
2162 5360
989 1827
159 8954
2341 2393
4099 5384
1721 3668
577 3014
998 8706
4021 5730
2825 4657
5440 8043
5666 6814
7062 8406
659 7146
4022 6490
2470 6536
2396 6358
9161 9431
1489 7603
5288 8524
8560 9965
543 5924
830 9364
407 2616
128 1215
3335 4247
6979 8263
60 8399
2632 8934
2704 6824
1549 7775
2042 4675
5667 6463
6293 9140
7879 9873
3810 7859
2105 4731
697 1264
5184 6494
7544 8836
7623 9129
3444 4540
1355 6862
4502 5908
2224 5325
3920 4469
1616 8889
9095 9319
2679 8349
3522 9563
3073 3321
5072 8653
9096 9958
2907 5769
1054 8856
3877 4772
420 6998
2572 2746
2747 9917
669 3272
144 9574
428 702
7672 9637
2922 6013
1774 8364
1872 2025
2205 4386
1940 4869
2475 3752
931 8089
1767 8361
2968 9283
707 8115
533 4781
6828 7447
3653 4138
1786 5341
4743 5458
3097 8057
4423 9654
1655 9732
2943 7361
4474 6172
558 8638
3374 7059
6939 8567
1039 4481
1378 5933
397 5014
2240 3188
1002 9029
4684 9136
1320 9604
4008 5655
2509 2824
150 1350
2059 5742
2436 5463
3979 4136
2197 4925
2589 7664
2165 7336
764 5831
4766 6357
6025 7486
1025 3391
3781 5733
6031 6217
62 6727
9040 9759
1753 9499
3926 6353
1182 5711
7574 8044
6082 6155
2193 8724
722 9927
3485 9239
4521 6647
2430 6156
5419 5582
4880 6994
1826 2743
842 1361
6001 6432
282 6622
6159 9004
426 1648
2848 7083
1585 8989
3965 8765
400 9997
3622 9594
8061 8926
6736 8234
1693 5489
177 9430
2092 5006
5237 5403
7236 8291
109 6034
1191 9708
4501 9455
1996 6466
3221 3544
6415 9990
7984 9847
3182 9480
1052 1413
219 6808
2397 3777
1256 9056
6089 6558
3995 6321
2734 7977
3474 4340
1457 5784
705 8660
478 1262
5677 8684
2265 8172
1418 8007
9580 9699
8138 9388
4435 6189
1909 8510
3488 8560
2997 8508
4352 7359
2253 4792
3624 8606
2965 3537
2306 8819
2110 2757
1360 1542
1518 7312
2937 5195
2280 8574
628 8911
5518 9162
7522 7964
8141 9928
3561 5409
5906 6719
7581 9712
5225 9475
1247 2136
2852 3902
3205 3266
2769 8334
5169 9809
5386 6131
3760 7460
398 5079
874 9209
1023 4350
3067 8930
639 7622
2559 9692
5482 6778
3056 4082
3940 7283
3097 4608
2018 6335
1918 5165
1551 7623
9176 9339
995 2975
2125 3694
198 8818
3637 9433
7453 9769
2639 5901
8941 9967
7955 8704
2922 8404
6060 7401
2531 6304
4016 4770
354 9745
2919 9567
2520 9821
4636 5158
4338 9894
4641 9437
1759 8676
1093 8098
1862 7377
6425 9219
6177 7168
7261 9720
6581 8978
3324 6125
2006 8553
4614 9011
5791 9347
44 6486
3165 5543
1988 8950
2458 9882
3971 7858
2751 3459
3222 9460
7759 7903
880 9158
2831 9346
2232 8492
2402 4473
332 2873
251 3968
1440 3604
84 593
5798 6209
5643 6335
811 6254
2036 2137
2036 4123
7032 8971
5836 5912
2037 2776
1199 1677
1057 2267
5254 9650
1964 8569
1499 8735
1790 3020
1339 4316
3061 8882
3294 9578
185 8838
7568 8577
5088 9028
1258 2112
3145 7011
132 2303
3684 8191
1430 8985
2001 9740
3181 7836
2305 6216
2205 7032
464 4210
1297 4965
4588 4662
3222 5164
6296 9064
3560 5159
1170 4335
1793 3331
1933 9727
1477 7232
5329 9248
295 1893
3331 4518
3995 6484
628 7206
3148 5565
1405 8295
9395 9466
1064 8002
9455 9517
2592 2903
6626 9060
193 8446
2 5697
6624 8721
4208 6484
9032 9828
353 9832
2474 3032
1718 8647
4240 9819
723 3400
4114 9222
706 1770
5521 8492
7591 9863
7064 8360
3069 4346
2078 3971
1491 6655
2826 6345
1007 6313
4684 8291
4916 5379
2383 7990
4334 6192
5860 8631
120 4763
223 983
3438 3839
511 5587
6142 8731
188 9778
4266 7899
603 2372
140 2382
281 4078
442 9365
1805 8134
5707 6938
19 9447
8291 8759
805 5926
6345 7454
3341 4818
161 5824
7776 9104
1062 8440
1425 7031
4536 5400
7741 7834
2896 3384
1440 5619
4671 9237
2679 2861
1553 3281
2478 8469
2645 9400
6915 7203
7710 9652
3118 6880
4532 7092
1665 4690
737 9030
4171 6857
2349 3107
3522 6411
2393 4611
3900 7791
6306 8034
2082 3931
1390 7087
285 3392
9591 9902
2435 9159
3139 7060
1341 5919
49 3152
3289 6590
5010 8945
5149 7828
935 8614
840 3358
1601 1793
1423 7614
148 7709
69 9402
805 6289
5920 8119
837 8456
4999 6019
3767 4535
2081 4581
2879 9994
2093 3652
2072 4761
1361 5689
1937 4344
6033 6949
3328 9039
4562 5937
1808 7317
442 2157
8136 9894
5627 7429
1086 2902
2789 5203
4211 5306
2314 5620
734 8048
11 9410
1838 9303
155 8112
3371 6497
2216 4001
3793 4914
5229 7662
2674 4061
695 8241
7894 8388
3387 9861
2515 9666
4840 9018
2325 3126
7161 9971
4793 9431
8783 8900
1431 2095
5219 8785
6506 9747
1038 9519
2810 5275
2387 2957
2639 5393
108 7370
163 5091
2487 7739
5092 6465
430 4388
1959 8788
3404 8350
5541 6742
4043 5304
6354 7784
5335 5590
7380 9577
1334 7423
5084 5190
4337 8410
264 6166
1542 5322
5284 7695
2395 6995
1371 9641
6992 9882
7279 9158
2341 7927
3153 7842
1959 9848
3115 5106
8949 9067
6129 8955
1019 2285
1463 1767
1614 5612
4921 6596
3821 5497
1076 5973
1006 9112
4569 9039
2592 9616
3313 5700
3364 8146
2084 6702
1725 2568
426 2831
3235 5228
2421 8687
1026 2301
1039 9181
2767 8048
810 8540
4353 5334
686 4303
1632 4447
3058 7702
8460 9791
7548 8477
1138 8261
1657 9580
1139 1252
3706 5644
521 4128
3461 7274
8141 9930
113 7043
1305 8374
2690 3721
4230 6324
1262 7509
2707 2870
7474 8420
6808 7805
5115 6946
1046 1734
5499 6828
6076 8795
5532 6187
4052 9785
64 3744
1490 5279
1187 5241
7032 8839
1184 7158
2414 9047
1495 6791
5368 9647
3078 3614
1249 8721
1058 1276
3998 4193
1620 2248
489 6000
1609 3779
1696 8888
7323 8614
6511 6521
870 9977
512 3624
3937 6290
3999 4953
2 8477
924 7998
573 7246
1681 1790
2424 7496
3570 4547
3606 3975
1006 2146
3446 4511
1584 8044
479 6601
1282 9140
895 8465
1186 2787
2868 8183
645 3335
1959 8601
4394 4435
2031 9672
723 8395
2495 8315
1289 2619
7116 9610
5958 8829
189 8195
2217 8078
1665 2906
1126 8519
6449 7834
1533 4413
1134 4667
2495 7039
1041 5671
2352 3018
5081 7738
6923 8922
1916 8086
6071 9874
3673 4796
407 6553
1527 6584
4696 9324
854 9753
4147 5884
7567 8206
2727 3346
2562 5753
6469 7705
2436 4365
6231 6601
2339 4698
227 5575
1408 6488
2755 9716
3997 7458
4534 6414
778 1891
6688 7190
2343 4524
89 7038
8156 9365
6014 6199
2504 5115
7256 9108
482 6444
5286 9432
1714 7699
2036 3320
3872 4982
3489 6907
3191 7250
3752 5331
1861 3962
267 6263
2595 4186
633 7781
2441 3490
424 7378
2561 7985
5670 8725
3760 8080
5400 5868
3898 9707
2315 5485
6838 8423
5391 8034
6031 8623
4090 5447
4836 7223
5772 8628
6706 7486
1133 5744
4768 7991
2889 3249
3444 7672
2179 6994
197 3026
5262 8270
7801 8628
7916 8578
17 3361
9392 9705
1825 4961
1205 5741
291 8030
4534 5730
336 862
7913 8051
7596 8344
7250 9922
2536 3740
5051 5956
4543 6718
2418 2967
7256 8424
4331 7064
1461 2176
6276 6683
4669 6076
7396 8700
615 9029
3531 7388
3925 6561
286 3377
9298 9669
466 6462
2210 6320
396 8618
90 4899
6927 7848
722 9542
4621 7432
3826 8918
844 8256
1270 8593
420 8157
2039 5391
2701 7991
6500 6697
6083 7577
720 7402
4556 7424
2778 9113
2625 7888
1558 3519
5226 9124
6803 6856
1197 9138
2959 6421
7312 8719
2057 7781
689 4009
6640 8555
5967 9509
996 8330
3432 5823
4270 8908
3348 7815
3766 3898
4939 5216
2119 7319
5698 8008
4118 6043
5224 8354
1797 4824
164 7426
4446 9255
4869 5911
3391 8158
2887 6144
2997 5787
2474 3531
322 1340
2209 6202
1655 6582
5452 8891
3100 4158
2831 7417
3908 8798
436 3805
2927 7650
1759 2438
7378 8268
1536 9785
6221 6369
2279 9829
674 6602
3941 7928
5293 7262
5267 8027
4742 4944
1854 8081
575 5024
1733 3361
5356 7732
3384 4977
5577 6913
6394 9158
4367 8157
5556 5807
819 2388
5411 9361
1667 6124
1439 7465
3013 9127
3770 7120
5561 7090
7436 7926
4136 8638
610 5139
3340 8704
3564 5968
9016 9635
7252 9273
1744 7926
3938 5657
2014 3091
1416 3667
3981 7195
2334 7913
6145 7905
70 1603
4951 9911
654 8713
5551 7691
6872 9173
1428 1920
6777 8118
6754 8888
673 3478
1672 9864
2348 9918
6663 7723
3650 9697
296 9126
1025 9006
6240 8788
872 1594
2793 5286
4207 9470
2 1445
5005 5020
2357 7644
1937 2857
567 8313
8843 9841
582 9833
2108 8337
356 9261
5399 5590
9411 9773
6295 8845
2318 4656
2120 4146
3885 9311
4131 6334
1999 3856
6321 6804
101 7695
3506 6282
2690 7911
1360 6084
589 8947
639 2123
2141 6420
1743 7313
764 842
6548 9183
5786 6645
550 7972
4533 7253
5396 7628
4111 7789
7961 8941
8607 9318
290 5537
1464 6033
2974 6478
4089 5411
3249 6454
1680 2130
3386 6688
2911 7627
5416 9155
6241 8743
714 5168
982 6905
5681 8820
2044 2299
3450 8551
5492 8103
4976 9004
8525 8996
1567 6511
5450 5891
2164 8487
8934 9689
7752 8780
6914 7681
1654 6436
286 9043
6356 6636
401 4829
850 8856
6627 9839
187 6297
1920 4865
2747 9747
2869 4489
990 4406
2129 4450
680 5412
2441 9640
863 1332
2184 9755
7473 9486
4333 5232
1871 2879
3144 5367
6342 9562
2882 3906
1096 4014
2290 8195
320 3564
3618 6418
261 8582
586 8113
8478 9981
5715 8417
4357 8972
3956 8399
1079 3552
8286 8956
2964 4618
5462 7419
5887 8120
4049 7580
286 5084
5071 7039
609 1573
1748 3832
5854 7650
1284 8572
3629 3961
5241 8884
4890 8132
7397 9504
3281 8876
301 6826
184 6012
163 2920
4576 9433
1250 4494
1641 6042
4712 9442
5739 7030
5376 6978
457 6026
1164 3673
155 706
5370 6675
5920 6324
1066 8699
1826 3728
4365 6072
6868 7002
2971 4755
2981 3982
2282 4947
6665 9797
4943 6988
7554 8912
5992 6321
701 7941
2690 8421
6432 6556
4231 7425
1997 4899
49 2767
4646 5654
2829 3480
5547 8270
1309 2283
4829 5775
2702 5627
3700 5961
4875 7877
3099 4509
4443 8220
7619 7701
4532 8935
3751 6909
3701 5102
6548 8057
650 8016
8423 8664
5467 6971
4204 6891
4056 5973
3889 7782
5157 5762
4250 7007
615 5514
36 1377
1218 2057
8053 8343
978 4290
1289 4152
5877 9205
2487 9206
5906 7691
112 6741
468 6376
7663 8279
4676 7007
3487 5156
7501 7951
4321 6550
4771 9459
6801 9711
2553 3265
5094 8688
2497 9557
2244 9111
408 1033
1120 3942
464 2591
90 1855
3092 5650
4976 8817
5597 9393
1239 8774
2424 9163
2562 3206
6951 7147
342 4062
3252 7625
2843 8329
202 7694
2621 7987
2454 9042
3471 5188
3789 6746
55 3739
151 1986
796 2956
1451 9532
2096 8287
5281 5373
3297 5008
819 6323
5382 9626
5299 7642
2706 3786
1192 6339
2953 8618
1673 2182
1193 1316
3024 6283
1515 9180
6976 7446
641 8387
4354 9305
2581 3727
2173 5393
327 3272
4031 5353
6565 7848
4285 4452
23 4029
3966 7853
7550 9640
4319 5002
2861 4949
2226 6424
1434 9605
1940 3815
4756 4976
2094 9651
2092 8824
4064 5651
8108 9823
441 8110
7096 7339
4090 8040
2044 9012
4304 9955
3201 4909
835 4479
7896 9122
7724 9833
7913 8537
5819 8529
5518 9355
6791 7642
6173 6546
3064 6597
1439 9548
675 1982
5310 5390
6818 9209
8151 9762
1599 5750
5714 6153
578 1002
2014 4945
950 8458
267 2803
4472 6398
2390 9662
3221 3403
2484 7311
3981 7063
409 3152
1868 6813
1422 4252
2055 6676
3364 6606
4503 8865
4379 9324
5053 6794
1271 1575
4832 9306
6905 8171
9732 9750
1361 1505
4511 8167
4822 5814
324 9056
3134 4050
770 4218
725 4970
2786 7016
3056 4396
6127 6793
2629 4817
5791 6615
388 9751
2055 3764
4902 8439
2775 5810
2255 5515
1837 3541
245 1485
3041 3714
4176 6763
6242 8887
1796 4183
1407 9097
2310 8605
984 1824
4684 7169
581 6251
6190 9370
3296 7323
3960 6320
6752 9339
307 5453
178 2599
496 9590
2151 8962
828 2415
3682 4097
1822 3273
2677 3824
6517 8947
3202 8075
8412 9499
4169 8830
1101 6896
2111 4315
7510 8873
1499 4956
50 3703
4074 4742
1113 2705
8308 9792
2594 8340
8664 8673
3017 6982
3502 8717
171 2946
785 4337
831 7422
1711 8932
2152 2518
5052 8746
8175 8401
2717 9615
728 6920
1215 3103
895 3650
1755 8709
4506 4786
2940 6920
1916 5136
4177 6038
1429 6738
923 2931
3395 9944
345 739
4551 9403
5346 7651
6089 9947
2847 7860
4743 7358
7281 9063
259 6334
4949 5248
4999 7580
2705 6235
3431 4649
6343 9948
6016 9553
2200 7002
653 3191
5587 8918
1607 7131
1113 6330
1400 5340
4096 7668
476 4992
3829 5863
1035 1428
1816 3979
8349 9698
85 1579
4472 5151
100 396
5055 9407
7287 8827
1934 6600
928 9559
6864 6923
117 8334
2949 9991
4850 6386
3218 5951
2278 9234
867 8273
13 8627
4948 5911
5930 6466
2246 7481
2412 5972
2957 5543
6379 8692
510 8386
2929 4212
511 5312
2460 6888
6073 8356
8669 9514
8571 8713
3574 8336
5716 7072
5064 7146
8960 9168
3215 6188
3899 8806
2674 5046
4969 5044
6070 8997
4003 6877
4168 7210
70 3512
4439 5229
8952 9694
6567 8985
6975 8056
2565 7210
6651 9393
675 6480
2469 5930
1180 9096
430 8635
1956 4887
5562 7665
3302 8119
138 3279
8572 9594
678 4684
6561 8574
2716 3070
2884 9299
6860 6884
7032 8159
6437 6552
1696 3886
6782 7001
1957 7862
1375 6194
5074 7968
9439 9529
8460 9474
6443 6488
1135 2277
1720 5182
1644 4140
6967 9346
3510 3695
3090 3109
1335 2567
4616 5548
8528 8827
6652 7241
3293 4111
3674 6957
2640 8915
2993 4115
2364 6802
4272 6125
9110 9367
3255 6744
4153 5908
1004 7018
727 6252
5109 6999
5625 8084
7412 8807
4912 5896
306 7390
3186 6092
523 1497
8485 8497
622 3691
33 7268
1731 5024
1543 7188
4480 6424
4110 9594
3926 5609
2472 6456
2068 3397
404 1024
2532 6241
1026 6669
5104 6776
2583 7455
6585 8247
4023 7905
731 2816
1703 1929
4989 7469
8603 8610
330 4872
5552 5596
2988 7396
4132 9999
1298 2819
1869 5789
642 3417
4377 7063
3704 8017
2381 5146
5653 9556
4440 4867
4627 8406
2241 2628
883 9895
470 5296
1024 2664
6887 7622
9761 9956
1067 4239
1261 3287
2964 9560
1887 4732
3170 9894
3774 4410
4276 9761
2991 7936
3569 5698
1322 6680
422 2717
4964 7654
3916 8960
908 9026
3134 6709
1537 7773
4453 7852
5048 7244
1603 9295
1723 7374
3163 8578
1446 6342
1370 5566
3672 8684
3333 9255
1612 3867
3384 7988
8124 8709
2307 6378
6470 8744
7822 9347
4453 7973
1980 9403
7367 9706
4748 9813
235 4853
5604 8751
2978 8919
3281 4490
602 7801
614 685
4853 8065
3533 7451
6926 8916
3804 5470
887 2914
2504 3751
4966 8844
859 7807
8233 9941
671 5770
847 2091
3818 6536
3625 4421
5294 7663
4991 5676
4199 9382
4271 4532
5551 8716
2941 5445
4097 5170
6729 9920
7799 8144
2169 5868
5140 6149
2898 6014
1212 3091
807 5257
2025 7846
5650 6894
6682 9027
779 7410
108 3041
4860 9249
2095 2132
3167 5155
431 7895
8684 9180
630 7058
5996 6255
3797 8934
4169 6362
3472 7188
5500 9057
6479 6897
1042 4787
4756 7327
4245 6357
7801 8311
2488 3002
7586 8386
6260 7469
2232 8674
2189 5823
583 6838
4160 8878
1037 6779
1699 9379
2119 8504
1393 1459
484 6078
763 3278
2533 8787
2056 9616
5538 6437
580 9923
3161 5848
2290 6521
896 5204
435 6795
1634 7119
531 4554
903 1945
3731 4163
3300 5108
10 8265
5760 9374
1792 5463
1231 6887
7301 8415
603 902
8876 9484
1464 6600
4495 5434
792 6436
1893 8403
4476 5192
995 2823
12 7493
3596 6311
4317 4610
4759 9156
3739 8834
7494 8931
2403 5243
3354 5731
3939 8599
6095 7270
6269 7157
431 8379
5955 6967
387 9770
1022 3865
108 6679
2916 3024
2852 5749
8676 8793
1489 8700
5797 6529
5568 7460
2089 3740
3510 9132
6244 7743
1743 5318
6517 6855
1895 4140
1561 4789
6766 8084
2063 3724
2796 4541
917 4458
7973 8003
200 4588
3358 7664
1028 4181
1289 8652
4797 8643
3615 7734
7947 9155
4719 7003
5507 8510
2615 8293
2702 2785
6822 7962
2586 6774
352 8449
882 2033
3679 9597
4105 7719
3271 3615
2455 4490
160 3031
2078 6489
710 5161
5367 5618
3243 7165
934 2839
3105 7460
1854 4502
4495 4871
274 2500
5662 9858
2262 4970
4309 4637
5318 7015
359 3254
6210 6401
1850 4918
6913 9261
6407 8635
2556 7524
4177 7571
5994 6776
756 3075
4448 5856
6710 7626
683 1513
6593 9027
109 8862
6308 9043
6029 9628
3013 5669
3821 8323
1908 4980
663 7169
3042 9753
2029 4223
5991 6074
1001 9379
1222 7806
1200 1631
2846 3398
4291 4946
2912 6381
8717 9412
4044 9684
4140 5945
2237 8723
353 4095
1640 2317
1755 9208
1729 3823
3780 5144
4858 9379
405 5719
7531 8505
6648 8158
25 7649
405 9102
4340 6420
661 4103
788 6130
3582 7007
4253 7929
4853 9651
1966 7563
6924 9675
5935 6680
3022 5852
262 5791
6454 9231
6798 6826
5734 6138
1735 8044
2833 4115
3779 4030
2380 7553
4763 5183
5020 9949
1873 7227
4839 7393
360 6447
4083 8578
1994 8914
67 9120
1249 3842
3757 9051
2453 6984
2767 5868
3928 7886
6247 8241
2338 9663
7240 8985
934 3457
715 6796
5508 6855
2895 3838
4400 6420
3622 7550
4143 6764
2758 6987
4334 8052
6245 9070
5426 5998
4214 8630
2681 8955
5226 6647
2156 8050
974 4697
3728 7424
5001 7697
2000 2326
1401 9874
374 2423
2564 4125
1022 9060
3208 7802
661 9017
356 3951
1436 9050
1031 6786
114 5357
3684 8441
3572 5985
98 8796
4358 8880
1614 2640
1272 1479
2100 3553
4828 8048
8343 9210
650 2075
8929 9536
5416 6757
2074 7701
932 2727
768 6268
8199 9919
4398 8171
5621 6866
3203 5751
1603 7069
2759 6757
5175 6550
2303 7709
142 4530
5393 8170
4075 5451
8273 8858
1993 8715
5489 7649
4119 9658
3806 4997
2474 8759
174 2267
1228 4159
1074 9842
3616 4055
5830 8329
4923 5144
369 3381
1165 8950
1495 4624
4265 9833
6412 6698
2105 9279
5357 5372
8013 8759
3663 5749
1218 8961
4105 4404
4280 9589
4657 5109
116 7752
2134 4732
482 7055
606 3186
814 4118
3054 7590
6536 8612
3744 4132
1899 5094
1107 8312
7762 9527
1969 7553
7583 9821
642 1567
705 6053
569 2220
3031 5364
598 2921
333 4195
8977 9337
6396 8982
4529 7970
1217 7396
740 5485
1893 5464
21 173
1743 8903
3811 9676
2140 3355
1623 9252
3588 9338
2442 3693
2130 3054
1916 4751
163 643
3812 4249
2810 6425
978 3973
1762 6270
1024 6075
5022 8374
7184 8745
6258 7533
1025 6650
5324 9880
3216 9974
565 6665
2516 3884
1378 9663
2576 2703
437 4679
4959 6749
3683 5653
5648 9711
7943 9709
273 1309
3760 7068
4577 7098
3304 4573
117 8646
3687 8512
4158 9329
242 9809
5385 8025
6047 6424
2594 7860
109 1588
3211 3335
4083 5479
3859 9972
1399 2030
5700 8302
2622 2711
2085 4721
5861 6153
4199 6364
6174 7138
3285 6667
346 8590
7123 8748
6800 7600
1077 5362
2089 3379
841 2116
1670 3432
1461 5244
2526 2599
1724 3668
3182 5384
2619 4749
69 5922
270 9884
7235 9864
705 7597
6223 6397
6250 7254
959 2000
4583 9979
538 1418
2637 3719
5686 6165
942 8183
2105 4649
5343 9209
6795 7764
4878 8621
4011 6555
6580 7021
3067 4242
515 4588
332 7850
399 4642
6383 9890
497 5739
3788 7422
1212 7899
1969 7124
1253 1521
883 2476
4804 8527
1502 8641
1545 2861
3596 4219
6777 8245
4091 6376
2107 4550
3469 8315
4458 7072
384 1782
1989 7712
796 3941
641 2835
2619 7327
2101 5415
2981 5464
4994 7762
1114 1483
3629 5914
1334 3701
7646 7997
6852 8890
2685 3372
1649 3978
3326 9030
1079 6565
3324 6217
3135 4066
3634 4716
2560 5821
8926 9148
598 6935
6269 7751
823 5333
777 787
1315 1594
1060 2536
1117 3824
3336 6456
3923 5758
105 394
7264 9773
2229 6660
6382 9799
5103 7008
2527 5536
2933 3972
6042 6698
5340 7180
3769 6230
5042 7486
5121 7550
5623 6714
8611 9150
4062 4762
5221 8131
3459 6418
4689 4860
3620 9490
325 5887
3179 9518
188 7050
5315 8934
5203 8235
4649 8615
1954 9407
6913 9263
954 7980
3629 9431
2055 5554
4562 7155
2991 4973
4474 4827
3312 9266
79 8985
322 341
6976 7747
4332 8800
2494 6503
2530 3982
56 2292
5353 8300
2478 5512
91 8406
4453 6057
2861 5021
3671 8502
2380 8589
5663 8233
2342 3638
2500 6210
483 4436
5462 9640
3327 5430
3256 9162
2728 8777
4432 9502
2407 9136
7269 9554
4803 7725
4466 4656
1264 3725
4070 7874
1195 3100
207 3225
4283 4720
2583 6854
3111 4270
3336 8818
6481 8986
7243 9272
2740 8235
7360 9857
8654 8957
5713 8296
1271 8989
469 5332
2437 4935
6662 8179
1268 3736
1958 2722
10 6215
1217 6659
76 5751
4718 5937
676 5258
296 3576
2283 7622
1264 6182
192 2701
2079 9778
3930 9799
3125 4410
2096 6749
7918 9195
8418 9252
8762 9025
3120 7715
2203 6057
4445 8932
5649 7614
5193 8566
1759 2862
3283 6955
812 6960
6113 8014
4435 7167
2476 6337
1010 7884
874 6791
256 5695
808 3993
7328 9450
3212 8593
7618 9697
1534 3804
469 1265
5656 7401
4107 9408
3369 5278
767 6557
2742 5116
1513 8067
3868 5864
1261 8526
3047 4180
1354 9471
6920 7827
1388 1656
3808 9004
928 8087
5989 9883
4446 4565
5342 7066
335 6001
4717 9229
5785 6360
5337 5941
1488 9592
8083 8578
6082 8798
8466 9511
6835 9301
680 4171
4725 6316
2247 7631
8534 9911
6032 8388
10 2390
343 8952
2480 7115
625 7618
95 2205
826 7379
332 7810
6522 9191
7890 8304
572 2544
651 1376
6781 8139
515 3730
7980 8463
432 3961
2209 5016
1276 2596
1694 2355
1244 7259
332 8160
3155 8048
2202 2532
3993 4717
7731 9829
1860 8659
523 8401
989 5922
1099 7285
3304 4320
1858 9000
4028 6108
4139 4633
4099 7974
2560 8225
4372 4871
2362 9701
6878 9482
486 8869
2396 4855
582 9102
829 6764
142 8049
4445 4531
1924 4227
1270 3474
2149 4345
1223 9549
2733 9994
1539 3598
5830 6479
6501 7172
238 2509
5835 7311
1739 2905
3428 5308
2406 4388
431 1591
5451 6796
2767 5562
2317 8251
290 5035
696 2047
4572 6864
826 3554
5881 7319
2919 7538
5937 6433
5728 7720
5136 9831
2908 5393
234 9048
2252 8206
4600 6818
3358 9507
3998 7652
2093 6348
147 2074
6341 9761
8533 8843
1262 5144
759 1820
17 7599
3878 7183
2926 8722
7659 9255
2229 7333
8712 9488
7948 8863
2423 8101
693 5374
4633 7466
2095 3546
2062 5880
8882 8889
549 9530
384 603
4192 6713
1723 4613
5477 6057
6504 8075
2844 8481
318 9819
7794 8517
280 5097
3033 8676
3862 6020
2087 9441
7402 8178
473 2193
3649 5912
2303 7753
6451 7138
6956 9754
793 2585
4755 9391
7740 9341
4627 5190
945 9772
2378 3847
411 9313
2696 4193
1309 9002
1026 9882
8099 8870
4486 4921
5177 6532
1142 9010
2608 7463
5455 9923
2557 8400
4916 7659
4807 6181
79 6746
2350 6121
1466 6892
865 7426
5003 5598
3656 7096
3801 9958
6868 8486
4096 4628
996 7909
3735 5403
5954 6345
2053 5376
733 1793
1331 7835
1343 6677
121 6864
4639 5028
1490 5384
3217 7813
625 9780
5733 6238
7971 9866
4263 8834
1350 1553
398 9508
1874 4448
167 6872
7753 9414
2806 7168
707 1861
3463 7172
1725 6082
5548 7360
6671 6871
7072 7969
5501 7019
673 6185
1860 3237
3391 4825
4592 7962
3364 9795
143 2169
516 9621
1875 5962
5132 8815
443 6110
5704 6008
1273 5813
3019 7518
6584 8043
4316 8148
385 3395
8466 9592
1765 9658
201 2268
3188 5260
615 3039
2719 5721
2036 8431
2984 2986
5198 6028
3838 9957
265 4912
177 598
1419 3773
1763 3546
3251 4498
3373 9628
881 4363
4408 8797
272 8456
3262 6764
54 6247
3779 8222
3235 8058
2549 7501
1740 9843
5024 6383
7192 8289
1261 2904
2259 8193
3609 8649
2192 7614
4249 6242
2955 6849
3273 7424
1896 9952
2736 9434
771 946
800 6602
2524 5350
4705 5475
3067 8487
1367 7881
4445 9042
2800 3942
260 3884
1605 6477
1304 7303
1064 7062
2389 6330
3383 5202
1212 1298
649 8540
2536 4771
4423 6701
6565 8406
1712 5004
8682 9300
7584 9028
1190 9803
7497 9517
5372 7981
3458 8880
1484 5261
4598 9563
8811 9306
5134 7816
741 6385
719 2196
3091 8039
8170 8226
4852 7578
1273 4445
8899 9540
7359 8657
611 798
311 8908
1954 8980
218 6236
8860 9548
5737 6924
682 4650
642 7732
1796 4607
6701 7610
4201 6951
1453 9637
598 6871
54 8959
2547 8447
2318 9378
7751 9568
325 2777
6359 7617
1240 5557
7828 9522
2432 2983
6733 9255
6581 9127
6545 6989
5108 5790
2742 5131
4613 7016
3271 3903
2990 5876
4370 7029
5481 9455
7740 9530
109 1324
1842 9920
534 9838
2184 2221
3230 8453
7041 8482
205 9141
2230 8524
7235 7264
3926 6207
2498 8009
2720 5907
5980 7045
8877 9326
6435 7854
2739 7583
1643 2018
7504 7839
8343 9806
3866 7738
475 4656
5254 8752
2529 7480
8014 8355
2300 5442
1064 7680
3022 6595
6 1882
5943 7284
5432 6314
332 9222
3806 4196
8367 9641
3799 5240
4726 9306
7427 8494
2444 7786
2838 2987
792 1744
4466 7625
3659 5839
3316 4719
341 7177
5907 9697
3131 4902
6768 9208
5736 7600
4032 5303
5028 5793
214 6089
3526 7417
5654 8470
1349 1490
425 4323
3076 6134
2670 4463
1971 6677
94 5206
8120 9481
3782 6067
2891 3644
2618 7656
651 9446
3290 4558
4050 8218
3231 5146
3841 5829
109 8116
7110 7753
2483 6155
4090 6304
6545 7486
280 9166
7541 7976
7274 9847
4898 6743
6703 6877
3559 8065
2874 4993
6241 8243
3939 9289
4324 7639
506 8425
3821 6530
1163 6480
736 9116
4826 6345
140 9765
3884 6586
7339 9683
8773 8827
1457 5651
3280 8542
4873 6282
334 1121
1808 3370
6930 9111
4483 7524
8674 9235
2904 6161
302 8672
2888 2955
5749 7794
4789 7752
4550 5255
659 7189
4245 4619
2722 7618
3119 7254
6524 7790
5534 7051
441 4522
4494 8743
6130 7607
1197 6720
5070 6395
2176 7795
2317 6751
932 6974
6508 6735
2728 8042
1193 9755
6537 9422
5642 9775
546 788
1196 4805
5941 7856
5700 7501
3444 8663
2675 5183
3431 8135
10 3373
2573 4354
117 9134
6111 8388
5350 5523
2274 2745
751 7959
9133 9883
176 7499
2129 4084
2865 7387
5783 8559
435 7164
5693 7582
6775 8553
1715 4215
3017 5943
7688 9045
1585 8535
5372 5955
4410 5315
6471 9081
4783 5560
1638 3702
2988 6639
22 1518
446 799
1664 4334
7104 7947
5492 5764
800 3771
4964 6776
5824 9620
3627 3778
4119 8670
4578 6969
1880 5800
1499 2173
3197 6116
1725 9346
6649 8161
1260 2830
3665 8850
7447 7912
399 6177
5558 8804
2511 4512
3838 7731
7250 8014
3422 4140
3587 3719
357 7873
5961 8699
6512 9216
3487 3488
3924 8444
1431 1786
2265 5624
4737 6975
3331 8344
3274 3609
6662 7699
2522 8700
7100 9093
2327 3240
3927 6877
2101 5674
5275 6506
1252 4645
3239 9923
455 7519
2781 6830
6559 8631
2 6490
3372 9220
141 418
3439 8227
7434 8602
2442 6317
782 6601
4006 7062
1352 5936
3081 7243
7014 8393
4829 8792
6212 9691
3929 4600
3779 5070
3199 7235
1275 6884
318 8574
5306 9131
1775 7207
1693 2967
519 1882
7786 8091
398 5564
9294 9695
1056 5012
7573 9969
5255 6806
1984 2069
6299 9471
4699 6588
7403 9494
69 6907
6999 8098
3221 3587
6042 9522
4681 8382
6340 6735
2076 5226
8163 9138
59 3223
519 6325
5491 8372
776 9630
3219 9526
1352 2098
3697 7838
7790 8977
4115 5382
3793 7317
5964 7774
952 4379
2225 8853
871 3222
4589 6470
4762 6361
4812 6478
6976 7188
801 5149
921 8183
2067 5234
6241 9479
3505 5574
1438 9641
4115 7718
600 2355
6620 9246
4182 5264
4249 4271
4629 5724
2865 8597
1474 4087
5264 7403
4648 7171
5985 7688
2401 6692
4709 8578
908 9008
5187 9142
2687 7692
2486 8456
1192 4108
3757 3930
600 4462
3578 6439
3316 8654
6413 9828
2120 7581
1540 9221
1060 3400
4279 8472
1734 5559
3217 3427
2692 5528
665 8728
2881 7679
7301 8947
1499 1757
1972 4155
3964 8316
6386 9550
6577 8889
4572 5203
3262 7492
1135 7078
189 518
3006 4304
6445 6639
7064 8603
5488 6077
1468 7897
709 7091
7703 7772
2008 9339
105 3715
1643 6437
2087 5202
7380 8021
1212 6924
6769 8133
1494 1884
2944 3547
4988 8127
136 1981
8773 9150
2374 3165
445 3490
412 5299
1807 5498
220 4540
5891 6588
755 1437
5214 6080
3860 6636
3915 6343
3918 8038
7385 8257
1758 5498
8043 9920
2797 8344
3913 6684
6442 6583
1304 9199
179 2445
6739 8267
1321 8385
8633 9870
1978 2239
5156 6785
7590 9305
6175 9622
4370 5058
8533 9639
2313 6137
93 6956
2290 8368
2870 6728
5521 7822
1801 9372
342 5482
4041 9434
6049 7941
6746 7115
5023 5559
1427 8673
5873 7944
3607 4254
3336 6649
5541 7885
6183 9109
378 2631
592 4317
122 9764
3855 6692
5152 9766
918 1040
7334 7406
384 6997
3157 5307
3301 6254
5195 9355
2745 6036
5754 6838
4761 6619
489 3034
5437 6902
3875 4311
499 8640
5117 5234
3967 9727
4110 9281
903 6020
3869 5957
1360 7922
2759 2938
2872 4801
81 4865
7496 7791
5126 7390
1253 4305
1793 9911
3966 6011
4638 9787
6997 7060
1190 7403
4605 5180
5620 9884
3378 4794
3543 4861
9241 9981
4095 5603
1815 2207
1455 1635
2587 2723
3676 5390
1516 5294
7395 8274
822 9572
7735 8867
2800 7153
2388 4176
4592 6530
4994 9957
316 9885
4941 8404
2119 7694
207 8895
3244 6083
1755 9632
7780 8731
6796 7312
6388 8012
321 9182
1558 6580
8528 8890
6105 9875
4522 9854
5572 6177
2569 9327
3627 7726
6455 8187
906 7068
445 6444
5553 9547
2047 3509
2272 6108
3502 4513
3421 8789
1855 9166
1463 4212
1014 4157
7109 9879
127 4822
2028 4664
3454 8414
5212 5992
3505 9133
3243 6918
2260 6892
2016 9915
590 1964
2965 9835
2318 6052
4455 4673
169 924
602 2469
1660 9987
5485 5713
4432 6675
896 4636
1909 4312
5885 6586
381 514
1351 3230
1831 4621
929 3537
2332 6071
2215 2517
6905 9833
6392 9019
253 4651
6378 8855
5280 8354
158 1152
1978 4267
2360 4369
2237 7416
5934 6340
8274 9521
2028 7013
302 9387
2193 2916
804 1677
7502 7729
208 9725
1199 2701
719 5999
6068 8033
526 7856
3337 6916
2944 5938
2077 8073
4174 5346
581 4759
1901 3646
2320 8474
4684 6845
4666 9420
548 3269
4389 9822
7040 8435
519 3736
586 6944
1585 2255
610 7274
4206 9556
3153 6354
3178 4132
8176 9578
6231 8912
1727 3772
6592 9857
370 7706
6860 8625
6187 7822
608 8517
830 2214
2366 6324
8584 8770
2498 6214
6560 8040
2336 5398
282 2345
1283 2913
2296 6265
2578 9132
2753 7672
6046 6772
8439 9291
1256 1275
8032 8149
3164 4210
1073 7920
6071 8936
7051 8398
2753 3592
5720 9123
3829 7754
675 9752
4737 5125
1610 7751
4612 7345
3949 6772
4790 9603
3066 8374
4038 6292
4516 8576
2361 4128
40 731
2928 9874
1392 4266
6811 9971
7360 7998
1092 1530
314 7615
2509 9661
6296 9296
47 3070
4978 9546
8784 9423
17 4396
6094 7849
3800 6541
1031 9104
5477 9378
5835 9840
1617 6949
7243 9749
7843 9027
455 2528
7672 9374
6299 8897
9203 9942
3828 6724
5717 6034
1603 7990
393 832
178 7094
3149 5389
1563 2404
207 5580
1915 7996
5617 7264
1567 5263
2050 7632
1641 5249
930 6140
3514 9947
4114 7468
6958 8425
3410 4871
1538 2761
1486 6772
2403 8918
6179 7677
795 6625
8078 9395
2317 3667
1426 3230
5424 7515
4156 7320
773 5560
5477 6587
1502 7655
2192 7873
2975 7050
4821 9171
194 8327
4669 9568
7668 9645
1070 5517
2000 7114
8616 8926
185 2091
6508 9020
7664 8708
2258 5194
2788 8392
4534 9114
5468 8460
7092 7499
6457 9203
2312 3444
1109 5630
5713 9725
7650 7763
3245 9018
3713 7137
3092 5770
2517 6064
4158 8719
4328 9130
4319 7324
7932 9812
2269 9345
1498 7253
7814 9039
2837 4204
435 4080
6099 9387
404 6982
5675 7339
870 8852
4263 4921
276 1734
1062 6578
5332 9336
917 8146
1657 2294
3341 6339
4979 7262
3263 8863
897 5989
6996 9201
571 6462
1632 4866
7136 8723
1203 4460
4257 4473
874 9617
704 2561
2159 9227
3126 4549
5502 7653
6541 8513
1271 4594
5873 7825
4517 9015
4426 5221
240 885
2215 3645
2110 2131
6504 8860
3186 5768
7114 9314
531 9436
7609 9293
1284 5472
2648 8344
6817 8044
1134 6696
2065 4051
915 5346
5881 6144
2388 2526
1586 6039
903 7995
3310 4262
1623 6335
7117 9504
38 2040
1679 7664
3510 4552
659 4373
3382 5306
4216 4714
1513 5416
3889 4319
1920 5511
4795 9265
6785 7166
3787 5476
2584 9877
5681 6325
1775 7264
994 1037
4576 7622
6244 6438
5578 6614
8745 8756
3391 4200
6030 8172
4139 5820
6219 6381
4259 6639
8837 9513
687 4677
1896 3474
5256 9717
4507 7872
648 6671
1952 4308
697 6304
447 3914
5078 9832
322 6134
7543 7989
1696 3012
7138 9926
1086 3497
3815 6719
816 1421
4289 5592
1257 9502
9316 9524
1300 5671
3901 7173
1831 9508
7512 8797
4038 9393
1176 4329
4388 6473
615 4521
2466 2785
7173 9516
5714 7804
6777 7301
3317 5809
7506 9396
178 9364
3268 9825
2277 9450
3935 5858
3472 8837
1436 6067
3100 8965
2305 4301
813 8828
8256 9601
4767 9623
4722 5945
3263 8434
2237 9499
1702 8926
938 7776
4694 7869
1461 3387
160 2786
2036 9216
1824 8808
306 1268
2162 2387
6322 6734
4773 8512
4997 5776
5098 5828
3666 8945
583 1024
72 2269
2534 3198
1885 6953
3922 4175
3631 7675
4324 8127
236 916
2381 9520
5027 8284
9585 9782
5094 8045
4686 7991
2694 3601
2327 4036
782 5061
3452 6397
1974 4443
9610 9960
1229 7443
134 7442
924 4592
2302 2932
2516 9048
8545 9343
475 8903
7562 9812
7142 8206
65 5770
4208 9241
4927 8174
724 2962
1224 5500
133 6170
5142 5618
4646 8420
231 4261
3362 4760
878 2382
7479 8996
2937 5550
794 7084
1892 3155
5529 9447
5780 6814
8180 9043
2373 6905
772 4063
2064 6564
641 3314
168 4851
6640 8611
324 5364
1220 3930
1263 6515
8895 9439
313 7161
2300 8992
1666 4690
1228 8894
3768 5010
3100 8523
3881 9088
523 999
5385 5618
443 5177
3294 9328
5618 7775
3981 5010
6307 8522
1090 5927
3273 9619
3184 5669
214 4041
7457 7907
4486 5182
2025 5912
5521 7061
6058 6771
2636 3585
2400 5035
1681 6102
2549 6555
462 5311
2065 8428
3816 7279
1182 5637
3182 7407
2237 7902
3552 4496
3104 7487
468 1800
4654 5116
851 4719
4132 8454
804 4378
6812 7997
2085 4771
7272 8921
3234 3288
6339 8982
7072 8338
4730 8265
1826 4776
222 6618
6512 8415
7470 8613
1878 8844
4338 5940
186 7604
1631 7920
4045 9101
5483 5506
839 4493
3896 8978
3953 5311
6227 8633
5367 7509
636 9008
4891 8748
3638 9356
5009 8969
2674 5408
2021 9953
5350 8481
1362 2440
2427 6928
3702 3864
2124 2726
3113 3240
4704 4842
2262 7800
6632 7527
1768 4259
1856 2682
4808 7114
3022 9245
2652 8251
548 2600
1033 6550
642 8880
6833 7251
6581 9925
2868 6792
1968 4320
2253 4718
3438 9308
1203 3965
3159 6446
1079 4158
4317 4554
6094 9019
1675 6175
6257 6273
6140 8906
4235 9854
1014 4443
4099 6546
2265 2742
4656 7632
5098 9963
2495 3433
6390 9017
4862 9686
113 7196
7695 8047
9135 9480
1962 4138
597 6491
3833 8238
6507 6569
4965 9555
5791 7153
2212 4020
5806 7690
3996 5263
6649 9133
816 6040
4823 7930
2867 7398
4821 9281
726 9530
680 7199
3229 9965
5689 8044
5107 8857
2547 7164
3629 8889
525 9247
981 3111
143 3961
5227 5246
2881 5697
424 1207
2958 3436
1177 5911
2417 8451
213 4407
1166 9657
5197 9689
5357 5477
9663 9878
933 8668
6318 8144
4690 7643
1878 7126
7358 8411
1349 3335
7749 9693
297 4936
3170 4645
2950 4376
3999 7910
5296 9523
7665 9470
6481 7734
1130 2658
2167 7121
1866 3746
9252 9381
2951 6937
6762 6929
2443 7699
382 7639
3988 9185
2460 9854
3019 9323
1001 3712
3158 9630
7356 8836
1835 3120
580 9546
1096 3949
3551 7346
2183 8004
689 3302
2611 5970
1408 8385
3973 7749
3006 6765
1447 8084
8663 9632
3355 6653
8723 9683
3382 7510
2890 6819
6018 7572
1639 6039
1818 6041
8741 9737
2165 5331
620 4370
1544 2540
2867 4620
759 4714
429 638
283 584
2940 9794
7973 9599
1662 4747
1746 7370
3940 4539
4602 5678
6963 7979
4629 7272
828 8456
3412 8328
8188 8706
1010 5235
2864 9920
1338 8972
7985 9286
1676 4766
3568 7003
975 8102
6288 8456
1033 9504
1711 8436
8030 9702
9491 9797
3443 7762
4783 5056
3716 9089
2310 8472
3872 7121
1229 1458
6096 6421
1922 5357
6046 6600
350 8171
620 3336
1337 3620
1581 4017
5832 8482
5899 6257
2136 4993
1950 5806
33 2987
1179 6188
1197 8686
3914 7653
5719 6326
5353 9881
2017 2305
3209 7837
1134 3907
5511 6562
3690 7881
9903 9983
5307 8718
2867 5104
2942 8661
1521 7241
2586 5350
6956 7292
726 2577
755 4261
2093 3202
2896 9713
3528 4971
2191 6928
3586 9113
4317 5656
129 2708
3391 8645
2429 4999
1001 7592
6128 6507
1800 6225
1650 7220
6679 9993
8067 8792
901 2406
2186 9149
8469 8543
8990 9477
3964 6147
3442 4759
314 6746
9288 9814
2691 6059
6058 7323
6784 7198
7252 7303
5589 7518
1308 2127
3644 4112
2680 6809
2580 9840
3724 3812
285 8795
4593 7415
422 2650
4976 6887
3185 6688
6127 8446
3683 6147
105 8083
3422 9489
1624 4147
2453 9627
423 744
4453 9182
7424 9463
1786 3162
799 1445
274 1560
3228 8613
5609 7860
1671 3626
2636 4500
4793 8994
956 1365
1164 7730
1785 6845
1286 2997
6609 8203
251 3010
7922 9568
3603 8086
2063 5254
198 2625
8379 8760
2319 4685
3129 7937
1988 9052
3440 9785
4114 5794
29 8451
578 7461
2405 2924
4444 7160
643 3426
2895 4737
154 983
2303 4862
2810 8571
1563 5052
4262 9075
7875 9348
5258 7121
1882 7020
2006 8547
2773 3027
4359 5746
1415 9540
2754 6720
6771 7046
1069 2487
191 7173
5015 8531
5576 8598
5056 9057
1720 5157
660 7917
214 3104
6158 7233
478 9566
3957 4655
1393 3715
5818 9528
2313 7364
518 9904
5967 6655
2574 9125
3386 4839
268 4279
7217 9913
4653 6987
2798 7298
3109 9634
2059 3697
8602 8643
2024 9072
2731 7244
2554 3410
5759 8059
4052 9214
3341 3497
2162 8484
226 2683
9 9101
7349 7975
7514 9503
2894 5666
4079 5826
6532 8884
2645 8079
4224 9856
3121 3578
1156 5478
263 2457
2489 8771
546 8407
6138 7947
4428 6653
875 7185
2626 7019
3672 6081
1241 5027
4257 4556
5583 6907
5860 9659
581 4200
6319 8224
5309 9785
2518 6439
419 5858
4653 6182
3242 3989
4916 5360
2796 3414
707 7722
1605 5425
5500 6091
9507 9930
1599 3136
298 320
1913 4760
994 8691
1 1265
3067 5341
2196 8266
3562 7535
5333 6035
4177 6081
2876 4992
52 5633
6726 7127
6862 7954
2177 6940
688 8769
1541 9439
3356 7780
4906 8856
1188 9580
5743 6054
779 3639
307 9013
2155 7568
92 2709
3569 3579
5188 8461
4 381
3985 8661
5346 9801
5349 9547
5618 6059
419 4235
1319 4034
2414 3483
4822 9508
2346 4251
3586 9531
8835 9900
2429 9618
2021 8103
4098 4229
1914 9926
1768 5442
5552 6765
2381 3161
4194 7845
80 5829
8232 9048
5565 9444
2449 7762
7798 9759
8701 9792
2300 9854
3270 8894
4732 9857
6958 7503
2670 9572
3103 6687
340 693
3096 3264
377 7634
2013 4549
8640 9903
1646 2577
2297 7462
5948 9451
6032 8627
5834 8154
886 6235
2042 3974
7210 7616
3447 6352
966 3720
3486 8266
3490 8156
4577 8239
6511 8783
4009 7260
7684 9872
7911 8831
8895 9267
6364 9258
1775 8181
8325 9639
642 2963
4804 7908
8763 8818
4754 6101
1056 6215
2477 7406
1286 6677
8335 9280
5749 8581
4543 7086
4742 8198
2183 6141
1044 1667
2380 8641
1405 2612
3230 6596
8111 8488
1996 7483
1874 3585
5308 5842
224 3096
79 8111
4044 7752
2621 6488
976 5589
4589 5108
855 7285
2812 5975
2108 3644
260 2874
3257 4376
750 2509
4810 5686
3392 7947
684 2155
1685 6170
4505 6807
5071 7447
4675 9433
9358 9620
910 3141
2746 4574
4912 6636
7706 9499
2167 3406
4490 7172
1117 8803
8188 8950
1715 9432
2761 3098
3845 8868
3466 8283
471 1000
1971 2713
5575 7596
1853 5875
2116 8729
196 4444
2055 9473
603 6488
2833 3122
3314 9582
1557 6227
816 2351
2288 8957
686 9640
3205 6148
4923 9023
885 2158
2472 6499
8518 9656
666 8126
3692 9097
2355 6099
7078 9391
4390 8644
3360 7311
5787 6445
2050 2201
3139 9069
6614 6897
3049 8129
5409 8973
1094 4789
3418 5451
6379 9245
3409 5631
7053 7469
840 937
1793 6187
8346 9377
321 3001
121 8834
1929 8219
330 8190
1585 9577
7839 8270
4452 7522
1725 2683
5711 9846
119 5876
1098 6722
1115 6137
3047 9493
1691 7465
9043 9840
2030 2501
3676 3773
264 3261
558 8434
2264 8037
158 8729
2350 5071
2668 9847
462 2953
3518 6984
1775 3564
82 4654
4918 7298
1337 7502
869 1772
2564 6878
2922 9326
6354 8733
3613 6174
3165 9956
1720 3978
2255 3090
6248 7031
3883 9189
5409 6195
2826 5013
4918 6143
2700 4379
1172 5048
4326 9880
3963 5627
5484 5736
1685 4815
6536 9016
5820 9334
2933 9461
4533 4696
7380 9371
6356 7099
4864 5735
6655 7920
7298 8026
3499 7105
2308 6376
2087 6902
1588 9433
466 9100
808 8046
1971 6727
2883 3574
443 5181
2671 3691
6917 7287
2414 6250
945 1864
279 4026
2970 3987
2074 9299
5331 9937
4297 4991
4665 7898
7920 9887
740 1351
8256 9284
3557 6120
5738 8985
917 8339
270 4327
471 6532
423 3337
206 4800
2052 2491
522 2562
8121 9998
6151 7353
5963 6070
2190 6104
490 3283
5376 6273
732 3045
23 8772
5580 9715
7586 7624
5399 6671
3563 6958
2806 3340
2083 6392
3900 4136
5964 7877
2058 4349
6593 8344
125 6955
101 2131
3139 3634
8660 8892
3212 4378
2556 6962
5390 7497
1551 9392
422 7592
4820 4900
919 8398
138 3632
1798 9269
3198 9583
8550 9370
948 6066
4054 4845
812 4973
3780 5508
172 1903
1739 8810
3528 8182
3519 4915
664 9690
6817 9526
580 4623
5681 8733
1359 4324
5794 8610
2649 4012
8886 9706
8003 9093
1136 6238
1833 7398
1728 8099
5902 7914
781 9982
1839 5900
2782 3080
8323 9714
3913 6653
5360 6584
900 4160
798 6364
1075 9116
1674 5540
4103 7716
2804 3778
216 2481
7972 9901
1978 3965
2659 7332
2743 3768
6950 7961
1664 6249
3406 9481
4774 7362
1298 9575
3514 7028
1210 9462
4228 7603
1613 2002
4974 7164
3735 5455
6099 7273
340 2897
1479 4402
811 5929
3944 7026
6953 8353
2639 9430
172 4252
1152 1240
1730 7138
1363 3409
1531 5208
5232 5594
59 2776
357 2204
2762 6009
6454 6804
120 6398
8034 9974
1983 5490
1797 7020
372 2189
7106 7898
4128 4231
5143 6195
3697 7391
2513 9856
6477 6909
4509 7077
4820 6673
23 5418
814 6442
7846 9630
6912 7251
3028 9669
24 9211
55 4323
4550 9414
2766 5956
398 8634
201 7797
1359 1667
7921 8124
2472 6943
1290 3819
6219 7408
1573 7783
3734 6798
6707 8431
7233 9938
1896 2057
3499 7160
5735 9695
4223 4481
6633 6644
3025 9226
830 9846
1736 9359
795 7115
865 5868
2045 7899
1240 2547
2723 7585
1343 1965
4615 9822
1041 8982
2847 8294
1467 4889
619 3102
5780 8283
2456 8409
4354 8734
4997 7379
8816 9447
4663 8028
2008 5509
368 753
308 473
3577 4612
335 6726
1462 1549
610 5470
3951 6745
90 8881
5628 9582
4783 7046
1376 7632
414 8978
1658 2363
1 8543
1976 7102
357 8178
3029 7897
2908 7836
470 656
2460 7188
5168 8550
2749 4810
2494 9953
4811 9710
1879 1958
2816 6971
4197 4828
5542 9407
4780 6869
1258 2284
4757 5165
2128 7802
5369 8661
4182 7179
4744 8609
2757 6512
1967 6393
2956 7890
7576 8051
681 4609
2429 6158
294 1948
6345 8189
5118 8032
2191 5054
2654 4061
558 6195
1518 8223
6580 6780
2132 5642
5246 6231
2831 4633
3130 9359
2514 6912
2209 4586
1424 8975
3132 4746
6604 9473
6942 9468
6412 8485
2552 9769
2387 7975
4682 9693
3200 6277
1118 9578
3938 6014
1080 2870
4461 7250
813 4741
2578 9677
1702 9040
2922 8255
4978 9957
4214 4377
7663 9615
4007 9231
2220 9151
2791 3490
5399 5934
3634 4704
6139 6498
2006 8404
2424 3733
5553 9784
359 3231
641 6098
1790 2629
384 2241
6867 8368
2509 3548
4976 6999
5214 6827
5373 9035
2987 5243
2820 2851
3303 5220
7508 9569
3764 8318
3659 8790
3053 7031
8015 8353
35 2208
6858 8440
4659 4969
4755 5202
3939 5811
1000 5519
969 2005
2548 6751
5392 8940
4696 9173
5176 9810
2548 7919
2092 6885
3761 5926
5263 6022
4581 5436
3524 5690
4584 4687
2490 8880
2729 6947
4007 8318
7253 8538
4593 9876
2678 5669
4603 6097
5604 8688
2753 8472
4752 5439
2947 5305
5070 8983
1486 6967
13 3371
2943 6583
6508 7337
4457 5750
1881 9940
5519 9223
4387 7677
7026 7448
4567 8776
950 5122
8599 9676
886 7581
4801 5681
7120 8251
3777 3897
1158 5007
2866 3222
5668 8420
5998 8066
6698 7740
4635 4867
268 2405
7838 8652
2269 4171
401 985
1767 2469
3639 5545
1987 2472
2250 7312
870 8108
367 9739
1642 4423
45 9459
7846 9940
7085 8270
3284 8471
2076 6378
5754 8995
1044 8382
3377 6191
2396 9473
2463 8480
4839 7383
7451 9037
1369 4651
5340 6618
2962 9066
2733 5042
2600 7667
3078 7477
3651 7073
1639 5414
8127 9707
639 6239
768 3909
4185 4536
74 6201
5089 9601
5204 7373
1701 5245
6723 9099
4748 9079
6378 7603
1698 4718
5880 7363
3354 8930
1002 4197
809 2341
8482 9238
2646 6628
3628 9169
4990 8962
472 1938
685 7415
85 1492
179 3342
1163 9928
1682 6292
1983 9438
6520 7844
3689 6789
676 8763
6538 8127
5774 9717
1056 4554
1376 3512
2767 8436
2621 8907
7717 8738
1559 6077
438 6612
2587 6290
1257 3268
8755 9373
3509 5811
3043 5109
5330 8104
738 3871
734 8596
1547 4683
3114 6157
6703 9520
4163 7705
3547 9422
4144 4982
872 8422
2816 9617
2654 4600
2570 5949
1198 7360
3077 5228
6759 7550
4654 6895
2176 3551
5429 9143
212 8497
4004 6032
6755 7027
418 8602
6180 8553
5700 5701
1369 5148
8249 8696
3359 6230
7168 9825
1129 7381
3735 6517
1849 9693
9672 9933
725 5756
2533 7356
1968 5857
2040 5208
2380 8282
1043 5284
1053 8712
4033 8547
5612 6352
5290 8287
4954 8597
1511 8772
93 2631
1438 3009
6222 7974
3017 3096
3510 6641
275 9963
4301 9651
710 7676
2565 5150
5016 7647
5308 9216
3576 5948
6281 7507
4593 5972
3433 9023
3891 6454
3282 4949
128 9162
3747 4783
728 4202
3153 9908
2391 2940
104 3557
532 6707
571 7867
4974 5556
2491 6261
6472 8391
5491 9458
1188 7277
1802 4467
1604 3994
1808 7665
1963 5324
1239 3078
8403 8600
5452 9237
830 7983
4538 7096
131 7716
3302 4904
2307 6036
4084 8323
1070 2976
2813 4218
6398 8334
5156 7145
4770 7338
3025 7484
513 1338
2588 7254
4446 6460
79 4035
3873 4612
849 1701
8904 9188
1180 6941
4521 6755
3545 6180
2030 8774
4057 9509
1949 9603
1383 8697
359 7179
7649 7922
2779 7320
7041 8039
1268 7404
487 5378
822 9569
464 7875
1976 6178
3831 5675
871 1059
1 8787
2253 3719
1255 5371
2397 9362
2554 2664
4169 9053
3816 5488
3584 5919
3800 6712
3456 8888
2699 6694
3282 5554
2733 6278
1007 6474
6569 9747
5128 8843
3216 6139
1915 5013
4530 9153
8689 8845
1942 6809
1486 3560
4151 5306
6188 6729
4445 9459
3208 3659
4307 9000
945 2418
3302 5280
46 5510
32 9547
3886 8943
765 6917
4975 8641
2428 7641
2273 6535
671 8487
2071 6815
870 7613
1610 3976
488 3118
185 9496
949 4230
8292 9266
47 3375
1246 5685
7097 8832
287 2310
3764 9367
8447 9554
6988 7842
5904 8259
4901 6598
6148 8619
9957 9999
2126 9612
1097 4515
735 7546
1346 7434
5377 9681
5229 9554
2395 6767
1084 5973
4348 7553
1464 7426
3701 9957
1201 6558
1805 4457
912 3422
1366 1643
3066 9860
1970 2575
6692 7857
4534 6144
2531 8506
6046 7453
6677 8488
1400 7562
870 2378
6114 7099
4791 4982
286 7053
3529 5807
2860 7109
764 9014
2400 9339
2030 8345
6149 8224
512 2791
3918 9150
6982 8427
5129 6330
2586 5035
1644 5276
4646 9825
604 9146
647 5352
198 4028
3171 9337
7992 9000
1242 4478
3475 7799
7969 9245
3043 7876
2807 4630
2669 5191
861 2571
8839 8872
559 4421
4148 7518
2267 6837
1011 1320
4560 7957
59 3317
6647 8743
6088 6241
5479 6951
6370 7122
2390 5860
3828 6466
2193 4794
20 7711
837 1517
5102 8132
3872 4028
8856 9576
143 5795
581 7455
3417 4387
180 4667
1644 6457
345 4734
3624 9332
2843 4566
3290 3794
5537 7013
265 6431
1641 1729
6797 8744
6026 8638
3368 4387
1069 7165
3206 8526
7232 9904
3505 6836
3567 5499
4231 6711
6698 9970
3148 5552
772 2448
4247 8678
4795 7463
7396 7504
3151 3756
272 8928
2920 8024
609 3100
6328 8831
6166 8015
8726 9479
873 7347
9460 9932
5427 8844
2662 8668
1860 6997
1462 4184
3174 3861
1421 1702
4944 9141
4300 6824
1296 6137
2271 9951
2623 7141
156 206
74 3062
8538 9485
6752 9630
2293 5401
404 429
1333 3107
1107 9217
710 3919
980 1528
3246 4006
5169 8562
776 9871
1705 8119
767 5850
258 3529
6302 6842
5347 6353
7296 7929
4294 8069
8552 9541
3115 6677
648 8373
2616 4778
2466 6231
4718 7579
5649 6691
4143 7119
3122 9016
2396 8912
5130 9509
5763 7207
381 4767
2629 8854
2674 5887
2545 3033
2070 2740
6242 6387
6144 9787
1316 9219
5238 7470
1575 3966
2848 8669
1430 7483
7250 9102
4482 6440
7654 9680
2112 9503
8404 9912
1224 6597
4099 9119
5124 7341
2048 5317
8362 9686
582 2434
1373 5902
1335 5381
136 4303
2496 5184
2680 2790
70 2259
1019 8299
9209 9558
1447 4804
5327 6653
4602 9861
760 5860
2556 8389
1271 2363
1042 2540
6353 8446
2067 5717
759 7850
6973 9588
4821 4980
6424 8097
3322 7104
1846 4442
2689 3670
1386 6672
2685 2733
3055 5713
7416 7835
399 9614
1211 3113
227 4663
1409 3128
4490 5984
116 9033
852 8135
2 3269
3844 4826
2211 7428
5099 6479
4471 6910
2415 7194
576 9139
5480 9059
2484 8462
3723 7690
8058 8362
5159 5217
1172 7443
2487 4451
532 7756
4544 7021
8211 8311
3236 3263
3721 6984
5481 9819
1985 2483
443 5469
371 1688
5181 7312
28 2746
7068 9959
1669 6155
2900 3987
1936 6684
2913 9110
180 9152
1782 6217
835 6114
4206 8574
670 6535
589 1214
2175 8134
50 2397
3572 8702
2961 4613
5000 8849
982 3131
2964 3864
1706 6343
4560 5810
2540 5751
2089 5815
7087 7097
1762 3471
7374 8322
4153 9098
7661 9318
3124 5021
4571 7396
6071 9109
7731 8330
4290 4902
2639 6898
4251 9606
82 9640
2601 6148
4939 8960
3604 5594
6625 9402
892 8462
7406 7752
4252 5778
360 8830
520 2403
2789 8828
2555 9415
5483 6845
1598 4423
1417 7758
6062 9410
3868 7774
3957 5079
1443 7932
3081 7660
523 607
7420 8037
7046 9516
186 8835
2321 9369
2264 6620
369 7724
2898 7660
5033 9618
6791 9411
2644 7255
5343 5350
5328 9428
1395 1862
3580 7613
447 3106
8660 9422
3022 7322
2074 4365
7185 8934
2025 7627
7192 7661
2316 6113
3952 9178
3136 3637
4820 5430
8295 9445
1805 2110
5638 8314
4115 4860
2076 6811
405 7660
5656 6870
5566 8145
1905 4448
7727 9109
2350 5064
3845 4218
3005 9196
197 5415
246 5802
3692 9345
2670 7405
1973 4030
674 4522
2979 8914
6542 9070
3899 7608
5779 9313
2785 4884
3053 6096
3189 6923
2480 6234
4173 5861
2428 3792
1127 7658
4590 6415
3236 6217
435 8333
5849 8739
3578 7903
620 5346
647 9650
8949 9430
3921 9703
1788 6091
149 2728
1066 1905
556 4809
1378 9347
1368 4458
8546 9161
3733 9359
4585 8178
1761 8065
834 3770
4779 6960
4247 7365
2026 3381
2029 9573
5699 6822
1561 8421
6382 8047
1978 6494
5620 7697
8586 9849
3108 4732
3753 5702
5666 7584
5464 6137
613 3599
613 3370
3692 7614
1813 6548
2475 7650
9500 9896
1188 4998
496 7400
4319 6463
1211 7382
6025 8806
4884 9884
1894 2945
2083 2881
3027 9331
7134 8153
2248 2948
150 3730
7669 9251
3510 9973
2634 6367
3701 5074
8162 8595
2890 5835
5097 5683
3509 5318
1320 6507
2082 9008
1951 8030
4738 7736
1873 6390
7174 7444
2822 9986
4407 8390
1623 5232
1308 4137
1155 3666
3799 9968
10 5268
8626 9116
364 4039
269 7185
4780 5868
212 3453
9052 9224
1161 3602
3778 8983
1799 9716
9063 9238
2144 9899
5086 9479
2557 3881
2980 8185
5602 6326
5786 8887
483 4562
2222 6557
565 7075
9606 9867
6987 9028
3097 4276
1037 9285
190 8366
3194 6609
126 8839
159 422
6356 8407
9360 9582
2830 9530
8155 8726
2518 9709
8268 8603
1582 1622
1838 5749
7934 9252
890 6764
1019 8864
489 3451
241 8533
4486 7060
1870 9902
1865 7572
8200 9371
1266 8704
3408 6245
3661 4210
2616 9197
2196 8611
4333 9218
9443 9472
4226 8863
3035 6148
10 154
439 4209
3235 4223
895 4977
2010 8865
1509 6368
650 8593
855 5615
4504 5545
2767 9487
1869 6122
3555 4578
8059 8735
1939 2919
5149 7912
6190 8845
7764 9046
3700 4444
1979 8919
1435 2339
2600 3604
4189 4608
7076 7662
4032 8300
4379 5671
227 7335
1753 1867
662 6738
1336 9163
2878 8163
1288 3753
1009 2352
5635 7926
6134 7381
1142 9297
99 7271
1005 3586
3126 4414
18 9268
7337 7531
4341 6668
4960 8403
3432 6857
6278 6463
4232 5449
7354 8114
3192 7104
2612 6300
740 6405
6127 9677
2651 9675
1173 5735
7819 9116
116 1559
7724 7832
2593 9441
4246 5505
8672 9971
730 4118
1210 3523
6370 8802
5356 7706
5471 6232
6806 7383
3752 7333
2855 9037
371 509
1637 4041
9665 9897
876 2896
5232 9104
3076 6003
4812 6266
3561 4769
2774 4618
487 805
2162 9460
1090 7965
410 5725
6103 8515
707 9624
1708 1827
127 1172
171 6877
730 4360
1702 1783
263 3433
2887 6373
1927 6331
8490 9684
2427 8832
6193 9613
5615 7650
5663 8401
2757 4277
484 1860
7163 9848
6851 8041
2310 6483
356 2348
3695 5994
2814 4030
1721 6842
706 6110
3812 5532
9550 9556
6976 7928
417 2974
6007 6080
2917 4158
676 4137
4282 9847
2539 6427
1032 1786
1691 2654
7038 7988
2289 5498
3901 8206
1830 5472
3225 3227
2371 7782
1308 1869
3680 8466
3931 7819
1880 4017
3801 9924
3350 7019
5845 5910
5407 8128
5665 6437
1016 9281
4237 6061
3234 4629
3271 5679
6096 8646
4771 4948
8764 9118
4917 7217
3986 5661
6969 7228
2074 5401
4539 9257
580 6886
1210 4838
3522 8415
4929 9442
4237 6411
2804 3705
314 9884
3349 5491
2213 4698
1819 5067
9578 9981
3329 9188
2205 8257
2932 3109
6352 9632
4323 5552
1528 8917
4824 7002
1833 8735
1556 5717
1189 1988
456 2137
6228 7206
6333 9474
399 1374
3327 8189
1054 7950
1529 2847
4944 6286
7899 8279
1297 6890
2298 4260
364 6456
663 9004
217 552
958 5394
4617 6012
1482 7057
472 8655
5792 9951
5176 9682
1150 5335
5083 9454
5033 7647
931 4739
5896 8022
535 2524
973 8119
1785 7997
6831 8007
7044 9054
573 1732
2052 6540
3709 8496
3917 7479
3521 5264
71 4231
799 2489
928 3128
6688 8897
1219 9693
2168 6873
4322 7649
2949 9158
1994 5259
2472 8038
4812 7018
1828 5492
4245 6153
1475 7848
5354 5766
2040 8529
2184 3555
7514 9245
5327 9046
4981 8409
5012 5736
5915 7230
120 7627
5612 7458
8485 9153
4163 4744
5260 9221
293 5074
1963 9450
3648 4069
3770 5752
2025 8113
4685 8532
5134 8358
1104 6979
5851 8679
1861 4743
3793 6113
3910 7452
333 9613
1112 8560
5043 7422
4032 9549
713 8033
6703 8077
1875 7014
6613 9086
1181 5105
66 9390
1475 2842
1965 6907
208 7753
1981 8083
3944 9557
938 2085
1944 9184
2618 6654
6080 6529
1290 2015
4203 4304
7284 9146
5728 9982
4835 8947
4959 7027
2991 2994
1762 4454
2520 7021
3375 7535
7922 8881
3609 5258
8211 8718
601 5590
8195 9942
191 996
4695 5116
562 2629
5030 9832
990 1615
2798 7416
3992 7396
676 9561
8497 8708
6131 8278
2575 6849
4486 9853
6898 8450
2640 7732
2476 8533
5858 8119
920 2458
8671 9534
3326 5441
6822 8576
2255 8012
5132 6968
2305 5160
3734 8390
7815 7977
761 2586
521 7300
3241 4027
3898 8986
1267 8810
4448 8672
5876 6604
3553 4787
7357 8038
1760 5710
1085 4080
1336 9849
78 8127
4586 7293
3108 5339
9411 9815
3671 3732
6322 6775
1940 3547
1988 2312
5677 7562
916 5964
7256 7353
5604 8481
2297 8022
7233 8389
6703 9392
5748 9657
1403 4547
4276 6471
5382 8553
1296 1940
24 320
4461 9405
1956 6416
6350 8715
1740 9501
1802 8164
324 4224
3843 9706
4996 5484
1057 8461
219 7325
3209 8373
659 9354
4308 9513
8587 8627
2059 5238
1766 4427
2015 9332
6753 9455
993 3457
1428 5600
857 4579
8699 9299
2937 8853
1285 4797
552 7915
2165 7290
6647 7487
4102 9300
203 7209
2987 3197
2753 3030
3200 8674
2577 3070
5199 7398
3244 4287
1327 7130
1585 7654
1879 3671
8097 9086
3744 6330
3897 8787
6689 9591
5137 7688
4158 6613
689 4106
3610 4758
888 9419
4393 5958
6865 8770
6700 6976
631 1132
1529 3036
2062 5714
1401 2999
4878 5892
2660 4128
7556 9526
5333 5469
2747 6756
2012 6307
3323 3425
6805 8840
1870 9341
277 2970
2898 8093
1903 6256
6712 7565
2135 9760
2641 8171
4921 5151
4115 8434
5994 7056
4003 5749
4746 9994
842 8791
1570 1882
6275 7978
1249 6900
3314 3726
7911 8828
3517 4314
1782 6905
1892 5316
3500 8548
2165 6377
2435 4023
1800 9928
6552 9949
1177 8488
1151 9253
2931 9034
4841 6969
3135 8800
9382 9961
487 807
1550 3485
9256 9327
5479 7936
3710 7459
3930 5284
5010 8360
3749 4943
9460 9507
1518 7855
2123 9655
368 748
2566 9178
1133 2271
4193 8259
270 5545
1942 2117
1978 9947
101 6261
5577 8299
6186 9575
5148 9354
1038 4370
1528 2019
299 2984
3630 4325
4407 5414
3569 6301
6991 7501
1476 6932
478 6598
1335 3546
4072 5875
4170 7164
1333 2682
1243 8387
6026 7529
1616 6683
3823 8517
9110 9636
2290 6627
3198 8465
9311 9397
3377 4266
2432 4990
1967 6388
630 4373
3414 4562
6206 9796
8567 9653
3873 9277
4291 9561
2381 9374
2613 6499
1660 3198
5780 6197
7614 9964
3653 3797
260 4281
5480 8608
4007 6998
5612 9996
6529 9927
2532 6510
1317 3209
54 1180
381 5510
1069 3144
6397 7004
19 2125
7006 8051
3205 6266
7308 8093
2523 3428
2917 3584
2053 3250
860 3680
2568 6096
4595 4845
5398 7384
2341 4885
3008 6331
1859 3155
6554 6843
2278 6751
215 1892
4296 7932
949 6317
1962 5468
3920 6598
5379 6095
3216 8468
711 8660
1788 8055
4838 7168
915 1751
8667 9429
6189 8529
6117 8949
243 4061
3608 3744
6765 7184
3215 9182
1517 9174
1030 5380
4531 8859
1277 7472
2478 4193
635 3804
1576 9983
726 7369
2350 9377
4153 8418
4294 8357
6264 8595
641 3060
575 2706
6268 6499
43 7046
5347 9795
2501 4298
424 9892
8908 9649
188 2711
1440 9048
7063 7901
2391 9270
6825 8258
1114 7306
5340 8331
3789 9245
1371 8130
743 2411
1058 7670
6658 7034
724 1903
3486 8197
122 8399
5225 9926
1094 2116
4944 9684
1577 2758
3393 6168
6906 9472
1376 4165
206 4313
1513 1955
4451 8704
5683 8976
989 9125
3408 8664
7059 8667
5421 7515
2064 6673
5515 8574
1876 3175
113 2257
5135 8060
1849 2291
1605 7263
4177 7798
1508 7596
5541 5715
6429 8392
995 5533
2757 2816
6409 8908
1791 6901
1286 9883
4022 4928
3583 6278
1482 7314
3655 7578
7996 8590
3999 9374
197 305
2120 5090
3959 4054
4148 6464
3549 7862
3065 9735
3856 4306
2911 7282
2166 6145
1708 9468
1290 7494
7514 8671
221 8633
6151 6411
4167 8261
2295 4690
4554 6980
1267 7631
7100 8280
6420 6535
1327 3481
4723 9647
5799 9406
1540 6743
3708 4485
5418 5742
1853 4988
5344 5564
172 7135
6410 8742
2021 4572
6692 9623
1203 9080
5351 9889
4102 5772
4210 6803
2961 4901
7338 9505
3940 4727
3786 6475
1993 7627
7092 7234
4915 7494
844 8100
2427 5640
976 7990
694 6843
358 4908
2622 7313
232 4274
1412 8557
3971 6349
2703 5400
3668 6311
2296 8725
3725 6064
1082 6817
1401 1578
76 2835
3873 7130
3193 9357
1362 8268
6624 7896
4915 5521
7934 9485
3333 4907
4458 9217
6803 8807
270 9238
335 9367
932 7371
4686 6866
443 2750
8629 8963
3806 8244
8556 9653
2069 5770
120 555
9656 9705
2192 8092
2147 4414
2802 8775
478 3646
3206 6909
1504 5476
4575 9859
3154 6224
6053 7154
1827 8115
4292 6538
1718 9111
3530 3771
5010 5771
4289 6011
6613 8659
6220 7910
3465 3992
624 2020
1685 7069
1009 4342
2672 3309
499 9195
5500 7971
1080 6208
4820 7717
3008 8627
2323 6309
6194 8567
1837 7584
1706 8067
3753 9949
3581 9428
8214 9794
821 5166
8740 9315
6899 9524
2575 9913
3194 9662
3573 3831
428 2202
5560 5662
1227 9237
9446 9477
6083 6871
3655 7512
7309 9543
461 4715
3033 7465
2059 4556
3931 4414
1880 9243
4056 8795
5489 9286
312 4363
1600 7654
1368 2652
3945 5517
1126 9949
3055 5948
441 7402
7438 7600
2149 7603
5428 6768
3774 3834
1718 4118
4732 8004
336 4841
8448 9156
5287 6011
337 5480
4330 7435
2986 8679
1414 2660
2831 8805
5437 8170
1156 9720
2073 6911
5915 6253
130 2908
1902 2599
4983 7441
2 1410
4040 4828
3405 8518
1213 7221
4196 5341
3652 4194
6606 9261
357 7236
1317 7049
881 7916
1199 8491
2651 7009
1347 2727
6828 9310
4328 7631
4180 7504
2759 4098
2484 9757
3616 8859
1849 5045
1668 8151
5991 7537
829 5366
1237 2451
1928 2076
4316 8452
2559 7312
6721 8810
3180 4212
1330 6062
3388 4161
805 3962
3637 7871
187 7067
7561 9201
7812 8554
3471 9528
8143 9822
233 3692
5668 5692
3424 9160
2899 8255
7634 8669
4905 5935
2257 6573
1677 7984
1689 7284
959 7704
2898 6606
1904 1961
1598 2443
4326 9382
1351 9396
5981 6273
1079 7476
5869 9775
4883 8741
5122 6054
2832 2990
265 2304
839 7006
9476 9974
4693 7634
1398 2274
3708 7239
2442 3478
857 7548
1495 5590
4377 4890
3448 6376
2300 8498
2172 5051
9276 9539
892 1355
3288 5340
1982 4890
1206 4440
1793 3971
1654 4307
176 367
143 6340
387 6737
3573 4691
2650 7914
966 5626
3794 8073
29 3996
560 7833
6093 8190
733 3294
1977 7821
3164 4873
5149 5877
5113 8169
2296 9264
1000 2591
1913 9499
7259 7549
4399 7779
212 2023
2581 6925
3412 4867
1557 2401
238 6856
3172 4360
1086 1998
2456 8327
3342 8154
632 7914
2248 4914
1184 6441
914 2416
2149 6598
4697 6547
5046 6664
82 5003
2164 5674
197 4724
229 9897
764 4579
2941 3501
1265 3289
9382 9897
3119 7974
6787 7163
9409 9542
3707 5929
4361 9836
1319 2707
226 2550
4156 6694
704 5063
4470 5807
5791 7814
2842 5077
4423 7718
5094 6425
3073 6178
7987 8772
2235 9768
5915 8523
4086 5817
1894 5274
3358 7101
5543 8651
5591 7416
3020 8008
1538 8793
1156 2312
32 7006
5002 8943
1738 6868
1923 8082
646 8333
5090 8009
745 9278
3203 8745
1937 2998
4246 4880
7649 9248
1940 6450
6150 6942
3796 9784
3087 8304
2438 8124
5439 6621
4616 9028
9318 9457
4306 8314
980 9791
562 7063
1916 2831
2294 5635
3844 9680
3741 3846
2495 7611
5382 7255
5886 9232
3190 6712
287 6306
1521 5190
120 8115
5046 7040
8407 9987
3982 6123
6701 9566
5550 5792
1701 5242
5331 9131
2817 7783
694 4859
1502 7284
166 8123
23 6088
1200 4438
129 8470
4073 6362
2507 9957
1747 4836
1791 2139
5519 8549
4476 4537
2676 6733
3746 9387
4095 7060
696 4797
1162 4038
3720 6890
2087 9492
5898 9484
497 881
4452 6516
390 6676
1907 5589
88 5557
2068 6180
454 3399
882 7552
5742 7372
3202 5099
7821 9960
4244 9640
2778 4771
3533 8353
360 8086
5317 7344
3276 8431
2266 6582
3444 3585
4887 6484
1504 9679
270 3884
939 1239
3645 9173
2175 8800
1060 4683
4974 6345
8647 8847
5133 8324
5842 6569
4684 8986
88 2537
3851 5750
4145 5968
3508 9060
893 5445
8904 8917
7322 8303
1945 6244
4467 9402
5451 9801
5587 7218
43 6177
7871 8518
4989 7003
4581 9689
3991 6440
4352 7880
4567 5553
6234 7968
654 9485
262 2316
788 8253
2424 8578
5755 7970
265 3782
4936 6884
5180 9688
9500 9594
584 7965
1549 4150
3508 5919
2276 7404
1830 9761
4464 9225
4650 5443
1080 2130
2931 4366
3550 7084
883 7443
2994 8852
4384 8707
4339 7015
1921 8344
2041 6948
5695 8454
4336 4465
2223 3986
7021 8324
2353 6954
3724 6338
1621 8496
399 8683
1805 9071
4031 6983
4724 6681
8454 9754
7115 9127
4211 5638
4043 7259
798 3477
825 9730
173 3388
1081 7212
3756 9380
4377 9764
4573 5209
965 2836
7773 9477
1319 6037
4046 7678
2815 8045
7320 9128
6534 6758
909 8798
21 3906
119 2226
8164 9520
1040 6743
1138 4834
3538 7063
2237 3759
2460 8463
9153 9216
5521 7240
3451 9804
239 3984
7656 8969
5068 8426
5546 6250
5393 7728
2939 2984
1287 7522
3931 7933
426 814
6568 6648
2321 5271
1053 5113
3537 9211
8262 8900
486 8412
4328 9969
4097 8087
5151 5283
3131 5261
25 4792
7836 9142
6630 7647
5417 7388
6005 9810
348 3230
2811 7242
2837 8197
402 7896
6038 6954
6513 8001
2994 9578
362 4562
2951 6727
919 1218
6645 7137
1942 9718
1587 7275
327 8661
1942 2484
5108 7693
4800 5362
4138 7872
5588 9764
509 7362
2761 6724
2207 5118
7547 9281
3001 9594
6363 7545
279 3638
3141 4915
2282 9089
5892 9882
4603 7827
6461 9773
1098 5663
7104 7930
6678 8990
4309 4613
1518 7646
241 3467
2259 6863
1261 3560
655 7951
7341 8516
87 6972
7155 7831
7342 9909
8161 8514
2061 3091
5586 9142
3559 8666
3392 5291
350 377
5062 5466
3701 4814
5005 6652
1727 4908
5462 6339
925 1251
1300 7315
5844 6175
310 6576
5134 6244
3043 9954
2618 8270
376 6149
949 9717
863 5513
8034 8042
6339 9537
3402 8086
9066 9946
1270 3622
2041 5485
1282 4679
1480 2937
2946 3376
654 5339
5587 7394
3068 9903
2660 8617
1110 9527
685 1427
6349 7451
1941 2285
4976 5025
1717 9976
1242 2247
2286 3451
3512 6618
3378 3420
1795 6368
2531 9671
5887 9497
8715 9729
7868 9564
1944 2640
2281 9644
6874 9120
99 3144
730 4179
1017 9605
432 6471
3021 8865
5614 8291
1077 2008
356 1457
1361 5739
6631 9658
3424 6397
975 5932
2609 9860
2045 3631
2351 7875
1155 9017
1439 4346
3632 5528
695 4077
3090 4013
4609 5739
5213 6671
2497 6128
530 1731
3226 8223
9831 9883
3355 5893
1027 4523
5275 8717
3048 7399
3575 5115
5063 6030
109 6060
396 9271
5129 8784
6660 8615
2379 9640
1775 6264
4509 5629
334 9790
179 8455
5545 9867
2387 6727
4324 8966
4489 6330
6908 8572
1321 9147
2250 7432
3202 9276
4470 5004
6302 7752
1942 2068
1238 3901
6090 7078
7800 8372
250 3797
4921 6862
377 7019
6650 8169
7768 9588
2804 9122
6126 7940
488 1639
2879 3294
3286 7590
1154 9276
3346 8358
562 7186
3877 9980
1133 1525
6759 9280
3014 5855
4834 9724
3530 6903
2066 2898
9330 9590
603 2235
3154 4108
6311 7023
9098 9469
1461 5649
143 4879
1253 3899
4902 8030
7204 8970
5874 9358
206 8547
5701 8383
1539 7410
5080 7807
2443 7557
857 4572
3090 9879
2886 4865
346 7022
2393 8904
2016 6931
1197 3859
4399 8762
235 4939
1974 8920
1348 3799
4088 8348
3475 9811
6082 6920
268 8270
5894 6869
1527 9628
4527 8395
3298 9360
2883 8852
5204 7856
1477 8989
2330 4475
1614 8469
790 4824
3188 8441
447 4687
4781 6935
502 4128
4056 6679
3001 5582
3505 9545
972 5969
6681 9063
5122 7413
729 6507
388 3999
5673 8684
604 8956
7185 9239
9452 9663
1713 3644
2469 5842
3415 4296
2322 4368
5634 5696
608 8553
7495 8354
680 1488
193 5076
2271 9506
4673 6597
3560 9494
6538 8731
4239 8062
710 8951
5361 5722
6672 7270
1350 7325
6592 8967
2922 6699
1212 3190
3832 4705
6684 7738
5736 8982
8203 9235
39 4501
1391 1886
5417 7953
2633 9750
897 1085
5549 8109
103 9855
4035 6461
3288 8927
7381 7851
2675 5960
4774 6800
1260 8721
3242 3563
8609 8812
5911 9629
1797 5398
901 3311
2544 7547
5350 8286
5637 9511
529 1224
2213 5498
5453 6721
17 9680
7861 8545
4139 9305
3339 7000
3980 4064
4991 9521
4698 5741
4409 7853
1267 5475
6865 8213
514 8621
2935 4557
4717 6922
8259 8712
6320 7595
3166 4197
3675 6289
9545 9678
3162 6441
2116 8022
2518 9759
3015 8579
842 9510
6735 8224
7645 9428
1222 7516
312 9052
4086 9162
5156 7615
3074 4729
2346 7437
85 6794
620 3920
5114 7389
342 7359
607 4395
3925 4720
2423 6344
2507 6981
174 4513
633 9228
1984 5516
850 9751
1691 1736
149 6671
1847 6413
386 3874
2414 2710
929 8179
4076 6996
1877 4491
5775 9592
7535 7997
828 4865
5392 9036
1266 5734
1574 8627
1510 8346
5777 9372
620 7316
974 5333
72 4478
3967 8113
4258 4384
1854 3433
3249 9819
3421 6102
1590 4555
1452 5079
4540 8914
4031 6556
6558 7843
5821 7321
1466 1752
8998 9656
4547 4608
7022 9411
3842 6253
4045 6612
2451 4941
6614 8310
3615 3995
1903 6075
2629 8919
1593 3863
5242 7240
4225 6664
159 9829
2230 9853
3292 4015
3632 6564
2372 6001
2112 3152
7966 9751
46 7858
1235 1307
3043 5647
5897 9544
3915 9777
5035 7822
630 4876
8596 8871
4888 6082
645 1212
1147 4577
598 9502
2444 8176
3060 4244
1193 5218
5601 7415
1418 7551
7978 8943
844 5744
2441 3448
849 7808
807 6579
5163 6142
3595 7678
4640 5320
1629 5906
4452 8238
8050 8940
1918 5514
457 7405
2859 3328
1327 4521
1783 5326
3691 6110
8140 9062
3737 4994
4611 9988
805 5873
3515 8099
36 2164
3955 4170
5584 8508
5054 7259
7306 8607
1146 9320
5335 5737
6885 9782
2329 6667
6745 9213
714 8091
4207 5293
1041 8220
2340 6267
98 1177
2171 7249
2823 4960
9624 9676
3067 5320
8156 8181
4825 5113
2376 9344
1354 1742
638 7170
4014 7759
5669 6148
6713 7581
1152 7162
5462 8824
5412 9232
3012 9935
6243 7174
3995 6699
2223 2541
879 7003
3783 8277
5896 6312
543 2853
3926 4650
2676 6724
8500 9997
2235 9196
258 9810
767 3500
906 8045
1240 2966
6737 8059
2246 3878
2552 5382
3268 3337
2464 3054
2832 6190
7708 7738
1586 7740
5030 8204
6102 6501
3256 7420
2122 3290
391 9521
169 2009
1311 3785
6426 6598
7004 8295
206 3059
8836 9286
5956 6154
1433 6865
4141 6241
5345 7434
1116 8649
5777 9077
3225 3761
2372 4754
6594 8518
4638 9154
454 4221
2661 3315
2208 4767
1895 4307
2390 8450
1115 5135
2216 7102
5471 7142
349 1135
7981 9014
4982 5931
200 9414
3578 4451
849 5393
1896 8329
6524 8314
7546 7810
3626 4347
1153 9978
7032 8757
1436 7526
2441 7570
4760 9911
1680 9872
1609 7188
6315 8850
485 8243
6 7454
7423 8992
322 5741
1435 8765
917 6853
9025 9477
1595 5196
1094 7654
3467 4596
2322 6464
1025 3353
197 2447
4508 7192
1860 9816
614 5216
5793 9505
1046 9828
5063 9925
1830 5443
2807 9101
2239 5648
6609 7095
3790 7851
968 9127
9230 9966
718 8427
914 3643
2070 7532
2672 9852
8713 9447
6992 9721
5462 9792
1915 2410
5179 6959
356 3500
2104 5086
6112 7578
4073 6045
1820 2294
2322 5659
2582 6781
636 6937
1076 6980
5200 5217
2641 2931
2202 8482
1722 7091
1302 4290
2204 5788
494 3033
5779 7755
1658 6783
1909 1935
4328 5409
3273 8513
3875 6861
3331 7929
1915 6853
3391 4533
1407 3939
2131 7905
1090 1788
1728 4748
1470 2009
4374 7447
6884 8565
4687 9664
1631 9016
8091 9009
8218 9050
979 9504
6841 8905
7025 9214
1163 1219
3826 7763
1981 2080
975 9506
2655 7888
5200 7566
1786 7210
79 7419
800 5718
5736 8071
326 1634
5902 9006
3034 5211
7011 8619
6240 6786
3158 8135
56 2941
5327 9714
4673 4760
7830 8429
1481 8452
75 4388
324 7307
9374 9690
6213 6545
4909 6693
6581 6712
4939 8262
4001 7750
3043 4105
859 9802
496 4795
4758 5477
2366 8027
566 1592
1085 6358
5727 8493
6792 8588
2781 3287
2874 7450
864 6655
6657 8400
2037 7973
2510 6207
3253 7712
2228 9261
6427 8581
4968 6640
3285 8189
3913 5543
5683 8837
4807 9432
4286 6542
6911 8401
1023 1400
3029 9660
405 4276
2146 2897
6862 9182
3511 6142
3428 3929
4345 5321
5575 5978
1781 5135
5108 8986
3688 6714
190 4701
1434 8474
2733 4535
3232 3990
2780 8030
5180 7290
3301 7207
5689 9382
4431 9912
102 9957
6132 6690
7209 8071
3907 5970
1890 7414
2561 3381
2588 5995
1636 9749
5208 5295
170 5109
3611 4107
911 4326
3557 9240
4335 5141
3842 9409
4573 6181
1693 3049
8748 8850
8165 8529
5109 7652
3973 4644
3857 6913
60 403
3446 3666
4230 8178
2616 8578
1572 3698
4937 9760
873 8127
3777 6920
4098 4760
5574 5887
5787 7163
7590 8419
5816 9850
2142 9863
6691 9784
2420 7821
6890 8718
2798 4017
843 3121
4057 7095
3513 8163
3957 5696
3120 5465
914 6973
8495 9171
2385 3555
5561 9452
1015 9011
5523 6945
8238 9515
213 6108
1787 9527
2263 2811
785 3072
2949 6485
5244 6254
44 9978
4063 8199
6248 8554
6745 6879
6041 7995
392 5706
5622 8765
7409 9259
2036 2475
1695 4397
3902 7463
4798 6783
4158 7160
1732 4464
4278 8208
818 2323
1468 6569
670 2159
2626 4906
5310 8126
6598 9956
1743 2078
5227 5913
2701 9695
5071 8783
1747 2722
3026 8933
3356 8808
4840 9530
5356 6148
3406 5138
4748 6036
3056 5025
5401 6564
599 6951
4874 5623
3133 6965
1419 8676
8201 8949
6491 7655
2741 9070
425 4031
2443 5212
3510 3919
6483 7013
6360 8111
7571 7735
1637 2604
9274 9807
799 1239
3758 5418
1991 3361
5609 9640
3620 4959
3154 6206
1144 6643
2601 7720
2565 5811
5731 6856
4380 6404
4259 6114
3369 8531
7319 7635
5748 7439
5634 6142
5128 7731
3677 5614
421 6369
3667 6360
1712 3020
6333 8479
3382 7130
1078 3377
92 6086
9402 9820
3982 6371
2836 5156
5728 9308
5494 7909
1325 4974
466 5738
227 5227
2907 9237
6104 9824
952 3682
761 4114
8066 8858
2342 3308
475 4511
8651 9548
3217 9133
3234 4118
9039 9135
6284 7661
4746 7642
4159 6125
3681 7318
1196 9640
5225 6593
4968 9152
345 3354
214 1851
284 9531
2864 9661
1997 7595
2470 3843
2979 7921
6607 8472
40 3657
332 9198
9206 9598
4753 5672
3259 9143
2235 5373
1332 2344
1614 7426
5461 5880
3831 7733
3697 9490
2036 6597
1733 4610
1277 3576
4825 6901
4480 7132
2235 5265
1517 6446
1871 9684
2320 4555
5085 5256
3734 6790
2738 2853
2466 6595
1512 9751
544 1217
7554 9985
1270 4741
1167 1610
1485 4400
3437 9657
7220 9587
4216 6914
4293 6380
4623 8995
7410 8664
1465 5330
6914 9251
3010 8802
2449 8469
4496 8365
3285 4311
855 4354
2104 4270
3671 7730
464 4240
751 3479
3005 3439
359 511
1410 4118
100 6178
2433 8646
5886 6944
3486 9670
3304 3506
5022 6610
6297 8501
5278 6078
2000 4563
942 3949
3676 4546
529 3551
5269 7012
1805 1843
5476 9705
1756 9077
228 3559
481 3739
3175 9633
2552 4029
1592 3721
6263 6823
69 4734
4064 5301
3315 5479
2769 3734
1824 4458
6003 6603
3976 6393
1956 8549
191 3155
2804 5906
4134 4764
5059 8491
871 8512
1619 4470
7083 8669
6340 9113
7396 9883
561 8700
1273 6691
2944 4381
552 4679
522 6005
1004 7994
340 2581
8913 9469
4286 8625
6829 7705
4620 5532
626 3847
3924 9212
4613 7744
1242 7233
4370 7986
2656 9468
2950 9420
6692 9807
1026 5888
1015 7227
2257 6689
2781 3168
1616 3889
1910 3841
3816 4552
1872 3091
2016 2547
1562 9961
7052 9453
4495 8223
8399 8443
3000 4639
4127 4858
92 8356
4211 8235
3770 8987
2378 6053
3897 5564
4968 6642
2937 4475
961 9155
7112 8393
5985 7154
5130 6411
1210 7644
2062 2262
1934 8907
520 552
7952 8518
762 2300
3608 5030
471 9412
5330 9330
5427 6230
2877 7965
2089 4206
7634 8101
